.133	.133
.266	.133
.400	.133
.533	.133
.666	.133
.800	.133
.933	.133
1.066	.133
1.200	.133
1.333	.133
1.466	.133
1.600	.133
1.733	.133
1.866	.133
2.000	.133
2.133	.133
2.266	.133
2.400	.133
2.533	.133
2.666	.133
2.800	.133
2.933	.133
3.066	.133
3.200	.133
3.333	.133
3.466	.133
3.600	.133
3.733	.133
3.866	.133
4.000	.133
4.133	.133
4.266	.133
4.400	.133
4.533	.133
4.666	.133
4.800	.133
4.933	.133
5.066	.133
5.200	.133
5.333	.133
5.466	.133
5.600	.133
5.733	.133
5.866	.133
6.000	.133
6.133	.133
6.266	.133
6.400	.133
6.533	.133
6.666	.133
6.800	.133
6.933	.133
7.066	.133
7.200	.133
7.333	.133
7.466	.133
7.600	.133
7.733	.133
7.866	.133
8.000	.133
8.133	.133
8.266	.133
8.400	.133
8.533	.133
8.666	.133
8.800	.133
8.933	.133
9.066	.133
9.200	.133
9.333	.133
9.466	.133
9.600	.133
9.733	.133
9.866	.133
10.000	.133
10.133	.133
10.266	.133
10.400	.133
10.533	.133
10.666	.133
10.800	.133
10.933	.133
11.066	.133
11.200	.133
11.333	.133
11.466	.133
11.600	.133
11.733	.133
11.866	.133
12.000	.133
12.133	.133
12.266	.133
12.400	.133
12.533	.133
12.666	.133
12.800	.133
12.933	.133
13.066	.133
13.200	.133
13.333	.133
13.466	.133
13.600	.133
13.733	.133
13.866	.133
14.000	.133
14.133	.133
14.266	.133
14.400	.133
14.533	.133
14.666	.133
14.800	.133
14.933	.133
15.066	.133
15.200	.133
15.333	.133
15.466	.133
15.600	.133
15.733	.133
15.866	.133
16.000	.133
16.133	.133
16.266	.133
16.400	.133
16.533	.133
16.666	.133
16.800	.133
16.933	.133
17.066	.133
17.200	.133
17.333	.133
17.466	.133
17.600	.133
17.733	.133
17.866	.133
18.000	.133
18.133	.133
18.266	.133
18.400	.133
18.533	.133
18.666	.133
18.800	.133
18.933	.133
19.066	.133
19.200	.133
19.333	.133
19.466	.133
19.600	.133
19.733	.133
19.866	.133
20.000	.133
20.133	.133
20.266	.133
20.400	.133
20.533	.133
20.666	.133
20.800	.133
20.933	.133
21.066	.133
21.200	.133
21.333	.133
21.466	.133
21.600	.133
21.733	.133
21.866	.133
22.000	.133
22.133	.133
22.266	.133
22.400	.133
22.533	.133
22.666	.133
22.800	.133
22.933	.133
23.066	.133
23.200	.133
23.333	.133
23.466	.133
23.600	.133
23.733	.133
23.866	.133
24.000	.133
24.133	.133
24.266	.133
24.400	.133
24.533	.133
24.666	.133
24.800	.133
24.933	.133
25.066	.133
25.200	.133
25.333	.133
25.466	.133
25.600	.133
25.733	.133
25.866	.133
26.000	.133
26.133	.133
26.266	.133
26.400	.133
26.533	.133
26.666	.133
26.800	.133
26.933	.133
27.066	.133
27.200	.133
27.333	.133
27.466	.133
27.600	.133
27.733	.133
27.866	.133
28.000	.133
28.133	.133
28.266	.133
28.400	.133
28.533	.133
28.666	.133
28.800	.133
28.933	.133
29.066	.133
29.200	.133
29.333	.133
29.466	.133
29.600	.133
29.733	.133
29.866	.133
30.000	.133
30.133	.133
30.266	.133
30.400	.133
30.533	.133
30.666	.133
30.800	.133
30.933	.133
31.066	.133
31.200	.133
31.333	.133
31.466	.133
31.600	.133
31.733	.133
31.866	.133
32.000	.133
32.133	.133
32.266	.133
32.400	.133
32.533	.133
32.666	.133
32.800	.133
32.933	.133
33.066	.133
33.200	.133
33.333	.133
33.466	.133
33.600	.133
33.733	.133
33.866	.133
34.000	.133
34.133	.133
34.266	.133
34.400	.133
34.533	.133
34.666	.133
34.800	.133
34.933	.133
35.066	.133
35.200	.133
35.333	.133
35.466	.133
35.600	.133
35.733	.133
35.866	.133
36.000	.133
36.133	.133
36.266	.133
36.400	.133
36.533	.133
36.666	.133
36.800	.133
36.933	.133
37.066	.133
37.200	.133
37.333	.133
37.466	.133
37.600	.133
37.733	.133
37.866	.133
38.000	.133
38.133	.133
38.266	.133
38.400	.133
38.533	.133
38.666	.133
38.800	.133
38.933	.133
39.066	.133
39.200	.133
39.333	.133
39.466	.133
39.600	.133
39.733	.133
39.866	.133
40.000	.133
40.133	.133
40.266	.133
40.400	.133
40.533	.133
40.666	.133
40.800	.133
40.933	.133
41.066	.133
41.200	.133
41.333	.133
41.466	.133
41.600	.133
41.733	.133
41.866	.133
42.000	.133
42.133	.133
42.266	.133
42.400	.133
42.533	.133
42.666	.133
42.800	.133
42.933	.133
43.066	.133
43.200	.133
43.333	.133
43.466	.133
43.600	.133
43.733	.133
43.866	.133
44.000	.133
44.133	.133
44.266	.133
44.400	.133
44.533	.133
44.666	.133
44.800	.133
44.933	.133
45.066	.133
45.200	.133
45.333	.133
45.466	.133
45.600	.133
45.733	.133
45.866	.133
46.000	.133
46.133	.133
46.266	.133
46.400	.133
46.533	.133
46.666	.133
46.800	.133
46.933	.133
47.066	.133
47.200	.133
47.333	.133
47.466	.133
47.600	.133
47.733	.133
47.866	.133
48.000	.133
48.133	.133
48.266	.133
48.400	.133
48.533	.133
48.666	.133
48.800	.133
48.933	.133
49.066	.133
49.200	.133
49.333	.133
49.466	.133
49.600	.133
49.733	.133
49.866	.133
50.000	.133
50.133	.133
50.266	.133
50.400	.133
50.533	.133
50.666	.133
50.800	.133
50.933	.133
51.066	.133
51.200	.133
51.333	.133
51.466	.133
51.600	.133
51.733	.133
51.866	.133
52.000	.133
52.133	.133
52.266	.133
52.400	.133
52.533	.133
52.666	.133
52.800	.133
52.933	.133
53.066	.133
53.200	.133
53.333	.133
53.466	.133
53.600	.133
53.733	.133
53.866	.133
54.000	.133
54.133	.133
54.266	.133
54.400	.133
54.533	.133
54.666	.133
54.800	.133
54.933	.133
55.066	.133
55.200	.133
55.333	.133
55.466	.133
55.600	.133
55.733	.133
55.866	.133
56.000	.133
56.133	.133
56.266	.133
56.400	.133
56.533	.133
56.666	.133
56.800	.133
56.933	.133
57.066	.133
57.200	.133
57.333	.133
57.466	.133
57.600	.133
57.733	.133
57.866	.133
58.000	.133
58.133	.133
58.266	.133
58.400	.133
58.533	.133
58.666	.133
58.800	.133
58.933	.133
59.066	.133
59.200	.133
59.333	.133
59.466	.133
59.600	.133
59.733	.133
59.866	.133
60.000	.133
60.133	.133
60.266	.133
60.400	.133
60.533	.133
60.666	.133
60.800	.133
60.933	.133
61.066	.133
61.200	.133
61.333	.133
61.466	.133
61.600	.133
61.733	.133
61.866	.133
62.000	.133
62.133	.133
62.266	.133
62.400	.133
62.533	.133
62.666	.133
62.800	.133
62.933	.133
63.066	.133
63.200	.133
63.333	.133
63.466	.133
63.600	.133
63.733	.133
63.866	.133
64.000	.133
64.133	.133
64.266	.133
64.400	.133
64.533	.133
64.666	.133
64.800	.133
64.933	.133
65.066	.133
65.200	.133
65.333	.133
65.466	.133
65.600	.133
65.733	.133
65.866	.133
66.000	.133
66.133	.133
66.266	.133
66.400	.133
66.533	.133
66.666	.133
66.800	.133
66.933	.133
67.066	.133
67.200	.133
67.333	.133
67.466	.133
67.600	.133
67.733	.133
67.866	.133
68.000	.133
68.133	.133
68.266	.133
68.400	.133
68.533	.133
68.666	.133
68.800	.133
68.933	.133
69.066	.133
69.200	.133
69.333	.133
69.466	.133
69.600	.133
69.733	.133
69.866	.133
70.000	.133
70.133	.133
70.266	.133
70.400	.133
70.533	.133
70.666	.133
70.800	.133
70.933	.133
71.066	.133
71.200	.133
71.333	.133
71.466	.133
71.600	.133
71.733	.133
71.866	.133
72.000	.133
72.133	.133
72.266	.133
72.400	.133
72.533	.133
72.666	.133
72.800	.133
72.933	.133
73.066	.133
73.200	.133
73.333	.133
73.466	.133
73.600	.133
73.733	.133
73.866	.133
74.000	.133
74.133	.133
74.266	.133
74.400	.133
74.533	.133
74.666	.133
74.800	.133
74.933	.133
75.066	.133
75.200	.133
75.333	.133
75.466	.133
75.600	.133
75.733	.133
75.866	.133
76.000	.133
76.133	.133
76.266	.133
76.400	.133
76.533	.133
76.666	.133
76.800	.133
76.933	.133
77.066	.133
77.200	.133
77.333	.133
77.466	.133
77.600	.133
77.733	.133
77.866	.133
78.000	.133
78.133	.133
78.266	.133
78.400	.133
78.533	.133
78.666	.133
78.800	.133
78.933	.133
79.066	.133
79.200	.133
79.333	.133
79.466	.133
79.600	.133
79.733	.133
79.866	.133
80.000	.133
80.133	.133
80.266	.133
80.400	.133
80.533	.133
80.666	.133
80.800	.133
80.933	.133
81.066	.133
81.200	.133
81.333	.133
81.466	.133
81.600	.133
81.733	.133
81.866	.133
82.000	.133
82.133	.133
82.266	.133
82.400	.133
82.533	.133
82.666	.133
82.800	.133
82.933	.133
83.066	.133
83.200	.133
83.333	.133
83.466	.133
83.600	.133
83.733	.133
83.866	.133
84.000	.133
84.133	.133
84.266	.133
84.400	.133
84.533	.133
84.666	.133
84.800	.133
84.933	.133
85.066	.133
85.200	.133
85.333	.133
85.466	.133
85.600	.133
85.733	.133
85.866	.133
86.000	.133
86.133	.133
86.266	.133
86.400	.133
86.533	.133
86.666	.133
86.800	.133
86.933	.133
87.066	.133
87.200	.133
87.333	.133
87.466	.133
87.600	.133
87.733	.133
87.866	.133
88.000	.133
88.133	.133
88.266	.133
88.400	.133
88.533	.133
88.666	.133
88.800	.133
88.933	.133
89.066	.133
89.200	.133
89.333	.133
89.466	.133
89.600	.133
89.733	.133
89.866	.133
90.000	.133
90.133	.133
90.266	.133
90.400	.133
90.533	.133
90.666	.133
90.800	.133
90.933	.133
91.066	.133
91.200	.133
91.333	.133
91.466	.133
91.600	.133
91.733	.133
91.866	.133
92.000	.133
92.133	.133
92.266	.133
92.400	.133
92.533	.133
92.666	.133
92.800	.133
92.933	.133
93.066	.133
93.200	.133
93.333	.133
93.466	.133
93.600	.133
93.733	.133
93.866	.133
94.000	.133
94.133	.133
94.266	.133
94.400	.133
94.533	.133
94.666	.133
94.800	.133
94.933	.133
95.066	.133
95.200	.133
95.333	.133
95.466	.133
95.600	.133
95.733	.133
95.866	.133
96.000	.133
96.133	.133
96.266	.133
96.400	.133
96.533	.133
96.666	.133
96.800	.133
96.933	.133
97.066	.133
97.200	.133
97.333	.133
97.466	.133
97.600	.133
97.733	.133
97.866	.133
98.000	.133
98.133	.133
98.266	.133
98.400	.133
98.533	.133
98.666	.133
98.800	.133
98.933	.133
99.066	.133
99.200	.133
99.333	.133
99.466	.133
99.600	.133
99.733	.133
99.866	.133
100.000	.133
100.133	.133
100.266	.133
100.400	.133
100.533	.133
100.666	.133
100.800	.133
100.933	.133
101.066	.133
101.200	.133
101.333	.133
101.466	.133
101.600	.133
101.733	.133
101.866	.133
102.000	.133
102.133	.133
102.266	.133
102.400	.133
102.533	.133
102.666	.133
102.800	.133
102.933	.133
103.066	.133
103.200	.133
103.333	.133
103.466	.133
103.600	.133
103.733	.133
103.866	.133
104.000	.133
104.133	.133
104.266	.133
104.400	.133
104.533	.133
104.666	.133
104.800	.133
104.933	.133
105.066	.133
105.200	.133
105.333	.133
105.466	.133
105.600	.133
105.733	.133
105.866	.133
106.000	.133
106.133	.133
106.266	.133
106.400	.133
106.533	.133
106.666	.133
106.800	.133
106.933	.133
107.066	.133
107.200	.133
107.333	.133
107.466	.133
107.600	.133
107.733	.133
107.866	.133
108.000	.133
108.133	.133
108.266	.133
108.400	.133
108.533	.133
108.666	.133
108.800	.133
108.933	.133
109.066	.133
109.200	.133
109.333	.133
109.466	.133
109.600	.133
109.733	.133
109.866	.133
110.000	.133
110.133	.133
110.266	.133
110.400	.133
110.533	.133
110.666	.133
110.800	.133
110.933	.133
111.066	.133
111.200	.133
111.333	.133
111.466	.133
111.600	.133
111.733	.133
111.866	.133
112.000	.133
112.133	.133
112.266	.133
112.400	.133
112.533	.133
112.666	.133
112.800	.133
112.933	.133
113.066	.133
113.200	.133
113.333	.133
113.466	.133
113.600	.133
113.733	.133
113.866	.133
114.000	.133
114.133	.133
114.266	.133
114.400	.133
114.533	.133
114.666	.133
114.800	.133
114.933	.133
115.066	.133
115.200	.133
115.333	.133
115.466	.133
115.600	.133
115.733	.133
115.866	.133
116.000	.133
116.133	.133
116.266	.133
116.400	.133
116.533	.133
116.666	.133
116.800	.133
116.933	.133
117.066	.133
117.200	.133
117.333	.133
117.466	.133
117.600	.133
117.733	.133
117.866	.133
118.000	.133
118.133	.133
118.266	.133
118.400	.133
118.533	.133
118.666	.133
118.800	.133
118.933	.133
119.066	.133
119.200	.133
119.333	.133
119.466	.133
119.600	.133
119.733	.133
119.866	.133
120.000	.133
120.133	.133
120.266	.133
120.400	.133
120.533	.133
120.666	.133
120.800	.133
120.933	.133
121.066	.133
121.200	.133
121.333	.133
121.466	.133
121.600	.133
121.733	.133
121.866	.133
122.000	.133
122.133	.133
122.266	.133
122.400	.133
122.533	.133
122.666	.133
122.800	.133
122.933	.133
123.066	.133
123.200	.133
123.333	.133
123.466	.133
123.600	.133
123.733	.133
123.866	.133
124.000	.133
124.133	.133
124.266	.133
124.400	.133
124.533	.133
124.666	.133
124.800	.133
124.933	.133
125.066	.133
125.200	.133
125.333	.133
125.466	.133
125.600	.133
125.733	.133
125.866	.133
126.000	.133
126.133	.133
126.266	.133
126.400	.133
126.533	.133
126.666	.133
126.800	.133
126.933	.133
127.066	.133
127.200	.133
127.333	.133
127.466	.133
127.600	.133
127.733	.133
127.866	.133
128.000	.133
128.133	.133
128.266	.133
128.400	.133
128.533	.133
128.666	.133
128.800	.133
128.933	.133
129.066	.133
129.200	.133
129.333	.133
129.466	.133
129.600	.133
129.733	.133
129.866	.133
130.000	.133
130.133	.133
130.266	.133
130.400	.133
130.533	.133
130.666	.133
130.800	.133
130.933	.133
131.066	.133
131.200	.133
131.333	.133
131.466	.133
131.600	.133
131.733	.133
131.866	.133
132.000	.133
132.133	.133
132.266	.133
132.400	.133
132.533	.133
132.666	.133
132.800	.133
132.933	.133
133.066	.133
133.200	.133
133.333	.133
133.466	.133
133.600	.133
133.733	.133
133.866	.133
134.000	.133
134.133	.133
134.266	.133
134.400	.133
134.533	.133
134.666	.133
134.800	.133
134.933	.133
135.066	.133
135.200	.133
135.333	.133
135.466	.133
135.600	.133
135.733	.133
135.866	.133
136.000	.133
136.133	.133
136.266	.133
136.400	.133
136.533	.133
136.666	.133
136.800	.133
136.933	.133
137.066	.133
137.200	.133
137.333	.133
137.466	.133
137.600	.133
137.733	.133
137.866	.133
138.000	.133
138.133	.133
138.266	.133
138.400	.133
138.533	.133
138.666	.133
138.800	.133
138.933	.133
139.066	.133
139.200	.133
139.333	.133
139.466	.133
139.600	.133
139.733	.133
139.866	.133
140.000	.133
140.133	.133
140.266	.133
140.400	.133
140.533	.133
140.666	.133
140.800	.133
140.933	.133
141.066	.133
141.200	.133
141.333	.133
141.466	.133
141.600	.133
141.733	.133
141.866	.133
142.000	.133
142.133	.133
142.266	.133
142.400	.133
142.533	.133
142.666	.133
142.800	.133
142.933	.133
143.066	.133
143.200	.133
143.333	.133
143.466	.133
143.600	.133
143.733	.133
143.866	.133
144.000	.133
144.133	.133
144.266	.133
144.400	.133
144.533	.133
144.666	.133
144.800	.133
144.933	.133
145.066	.133
145.200	.133
145.333	.133
145.466	.133
145.600	.133
145.733	.133
145.866	.133
146.000	.133
146.133	.133
146.266	.133
146.400	.133
146.533	.133
146.666	.133
146.800	.133
146.933	.133
147.066	.133
147.200	.133
147.333	.133
147.466	.133
147.600	.133
147.733	.133
147.866	.133
148.000	.133
148.133	.133
148.266	.133
148.400	.133
148.533	.133
148.666	.133
148.800	.133
148.933	.133
149.066	.133
149.200	.133
149.333	.133
149.466	.133
149.600	.133
149.733	.133
149.866	.133
150.000	.133
150.133	.133
150.266	.133
150.400	.133
150.533	.133
150.666	.133
150.800	.133
150.933	.133
151.066	.133
151.200	.133
151.333	.133
151.466	.133
151.600	.133
151.733	.133
151.866	.133
152.000	.133
152.133	.133
152.266	.133
152.400	.133
152.533	.133
152.666	.133
152.800	.133
152.933	.133
153.066	.133
153.200	.133
153.333	.133
153.466	.133
153.600	.133
153.733	.133
153.866	.133
154.000	.133
154.133	.133
154.266	.133
154.400	.133
154.533	.133
154.666	.133
154.800	.133
154.933	.133
155.066	.133
155.200	.133
155.333	.133
155.466	.133
155.600	.133
155.733	.133
155.866	.133
156.000	.133
156.133	.133
156.266	.133
156.400	.133
156.533	.133
156.666	.133
156.800	.133
156.933	.133
157.066	.133
157.200	.133
157.333	.133
157.466	.133
157.600	.133
157.733	.133
157.866	.133
158.000	.133
158.133	.133
158.266	.133
158.400	.133
158.533	.133
158.666	.133
158.800	.133
158.933	.133
159.066	.133
159.200	.133
159.333	.133
159.466	.133
159.600	.133
159.733	.133
159.866	.133
160.000	.133
160.133	.133
160.266	.133
160.400	.133
160.533	.133
160.666	.133
160.800	.133
160.933	.133
161.066	.133
161.200	.133
161.333	.133
161.466	.133
161.600	.133
161.733	.133
161.866	.133
162.000	.133
162.133	.133
162.266	.133
162.400	.133
162.533	.133
162.666	.133
162.800	.133
162.933	.133
163.066	.133
163.200	.133
163.333	.133
163.466	.133
163.600	.133
163.733	.133
163.866	.133
164.000	.133
164.133	.133
164.266	.133
164.400	.133
164.533	.133
164.666	.133
164.800	.133
164.933	.133
165.066	.133
165.200	.133
165.333	.133
165.466	.133
165.600	.133
165.733	.133
165.866	.133
166.000	.133
166.133	.133
166.266	.133
166.400	.133
166.533	.133
166.666	.133
166.800	.133
166.933	.133
167.066	.133
167.200	.133
167.333	.133
167.466	.133
167.600	.133
167.733	.133
167.866	.133
168.000	.133
168.133	.133
168.266	.133
168.400	.133
168.533	.133
168.666	.133
168.800	.133
168.933	.133
169.066	.133
169.200	.133
169.333	.133
169.466	.133
169.600	.133
169.733	.133
169.866	.133
170.000	.133
170.133	.133
170.266	.133
170.400	.133
170.533	.133
170.666	.133
170.800	.133
170.933	.133
171.066	.133
171.200	.133
171.333	.133
171.466	.133
171.600	.133
171.733	.133
171.866	.133
172.000	.133
172.133	.133
172.266	.133
172.400	.133
172.533	.133
172.666	.133
172.800	.133
172.933	.133
173.066	.133
173.200	.133
173.333	.133
173.466	.133
173.600	.133
173.733	.133
173.866	.133
174.000	.133
174.133	.133
174.266	.133
174.400	.133
174.533	.133
174.666	.133
174.800	.133
174.933	.133
175.066	.133
175.200	.133
175.333	.133
175.466	.133
175.600	.133
175.733	.133
175.866	.133
176.000	.133
176.133	.133
176.266	.133
176.400	.133
176.533	.133
176.666	.133
176.800	.133
176.933	.133
177.066	.133
177.200	.133
177.333	.133
177.466	.133
177.600	.133
177.733	.133
177.866	.133
178.000	.133
178.133	.133
178.266	.133
178.400	.133
178.533	.133
178.666	.133
178.800	.133
178.933	.133
179.066	.133
179.200	.133
179.333	.133
179.466	.133
179.600	.133
179.733	.133
179.866	.133
180.000	.133
180.133	.133
180.266	.133
180.400	.133
180.533	.133
180.666	.133
180.800	.133
180.933	.133
181.066	.133
181.200	.133
181.333	.133
181.466	.133
181.600	.133
181.733	.133
181.866	.133
182.000	.133
182.133	.133
182.266	.133
182.400	.133
182.533	.133
182.666	.133
182.800	.133
182.933	.133
183.066	.133
183.200	.133
183.333	.133
183.466	.133
183.600	.133
183.733	.133
183.866	.133
184.000	.133
184.133	.133
184.266	.133
184.400	.133
184.533	.133
184.666	.133
184.800	.133
184.933	.133
185.066	.133
185.200	.133
185.333	.133
185.466	.133
185.600	.133
185.733	.133
185.866	.133
186.000	.133
186.133	.133
186.266	.133
186.400	.133
186.533	.133
186.666	.133
186.800	.133
186.933	.133
187.066	.133
187.200	.133
187.333	.133
187.466	.133
187.600	.133
187.733	.133
187.866	.133
188.000	.133
188.133	.133
188.266	.133
188.400	.133
188.533	.133
188.666	.133
188.800	.133
188.933	.133
189.066	.133
189.200	.133
189.333	.133
189.466	.133
189.600	.133
189.733	.133
189.866	.133
190.000	.133
190.133	.133
190.266	.133
190.400	.133
190.533	.133
190.666	.133
190.800	.133
190.933	.133
191.066	.133
191.200	.133
191.333	.133
191.466	.133
191.600	.133
191.733	.133
191.866	.133
192.000	.133
192.133	.133
192.266	.133
192.400	.133
192.533	.133
192.666	.133
192.800	.133
192.933	.133
193.066	.133
193.200	.133
193.333	.133
193.466	.133
193.600	.133
193.733	.133
193.866	.133
194.000	.133
194.133	.133
194.266	.133
194.400	.133
194.533	.133
194.666	.133
194.800	.133
194.933	.133
195.066	.133
195.200	.133
195.333	.133
195.466	.133
195.600	.133
195.733	.133
195.866	.133
196.000	.133
196.133	.133
196.266	.133
196.400	.133
196.533	.133
196.666	.133
196.800	.133
196.933	.133
197.066	.133
197.200	.133
197.333	.133
197.466	.133
197.600	.133
197.733	.133
197.866	.133
198.000	.133
198.133	.133
198.266	.133
198.400	.133
198.533	.133
198.666	.133
198.800	.133
198.933	.133
199.066	.133
199.200	.133
199.333	.133
199.466	.133
199.600	.133
199.733	.133
199.866	.133
200.000	.133
200.133	.133
200.266	.133
200.400	.133
200.533	.133
200.666	.133
200.800	.133
200.933	.133
201.066	.133
201.200	.133
201.333	.133
201.466	.133
201.600	.133
201.733	.133
201.866	.133
202.000	.133
202.133	.133
202.266	.133
202.400	.133
202.533	.133
202.666	.133
202.800	.133
202.933	.133
203.066	.133
203.200	.133
203.333	.133
203.466	.133
203.600	.133
203.733	.133
203.866	.133
204.000	.133
204.133	.133
204.266	.133
204.400	.133
204.533	.133
204.666	.133
204.800	.133
204.933	.133
205.066	.133
205.200	.133
205.333	.133
205.466	.133
205.600	.133
205.733	.133
205.866	.133
206.000	.133
206.133	.133
206.266	.133
206.400	.133
206.533	.133
206.666	.133
206.800	.133
206.933	.133
207.066	.133
207.200	.133
207.333	.133
207.466	.133
207.600	.133
207.733	.133
207.866	.133
208.000	.133
208.133	.133
208.266	.133
208.400	.133
208.533	.133
208.666	.133
208.800	.133
208.933	.133
209.066	.133
209.200	.133
209.333	.133
209.466	.133
209.600	.133
209.733	.133
209.866	.133
210.000	.133
210.133	.133
210.266	.133
210.400	.133
210.533	.133
210.666	.133
210.800	.133
210.933	.133
211.066	.133
211.200	.133
211.333	.133
211.466	.133
211.600	.133
211.733	.133
211.866	.133
212.000	.133
212.133	.133
212.266	.133
212.400	.133
212.533	.133
212.666	.133
212.800	.133
212.933	.133
213.066	.133
213.200	.133
213.333	.133
213.466	.133
213.600	.133
213.733	.133
213.866	.133
214.000	.133
214.133	.133
214.266	.133
214.400	.133
214.533	.133
214.666	.133
214.800	.133
214.933	.133
215.066	.133
215.200	.133
215.333	.133
215.466	.133
215.600	.133
215.733	.133
215.866	.133
216.000	.133
216.133	.133
216.266	.133
216.400	.133
216.533	.133
216.666	.133
216.800	.133
216.933	.133
217.066	.133
217.200	.133
217.333	.133
217.466	.133
217.600	.133
217.733	.133
217.866	.133
218.000	.133
218.133	.133
218.266	.133
218.400	.133
218.533	.133
218.666	.133
218.800	.133
218.933	.133
219.066	.133
219.200	.133
219.333	.133
219.466	.133
219.600	.133
219.733	.133
219.866	.133
220.000	.133
220.133	.133
220.266	.133
220.400	.133
220.533	.133
220.666	.133
220.800	.133
220.933	.133
221.066	.133
221.200	.133
221.333	.133
221.466	.133
221.600	.133
221.733	.133
221.866	.133
222.000	.133
222.133	.133
222.266	.133
222.400	.133
222.533	.133
222.666	.133
222.800	.133
222.933	.133
223.066	.133
223.200	.133
223.333	.133
223.466	.133
223.600	.133
223.733	.133
223.866	.133
224.000	.133
224.133	.133
224.266	.133
224.400	.133
224.533	.133
224.666	.133
224.800	.133
224.933	.133
225.066	.133
225.200	.133
225.333	.133
225.466	.133
225.600	.133
225.733	.133
225.866	.133
226.000	.133
226.133	.133
226.266	.133
226.400	.133
226.533	.133
226.666	.133
226.800	.133
226.933	.133
227.066	.133
227.200	.133
227.333	.133
227.466	.133
227.600	.133
227.733	.133
227.866	.133
228.000	.133
228.133	.133
228.266	.133
228.400	.133
228.533	.133
228.666	.133
228.800	.133
228.933	.133
229.066	.133
229.200	.133
229.333	.133
229.466	.133
229.600	.133
229.733	.133
229.866	.133
230.000	.133
230.133	.133
230.266	.133
230.400	.133
230.533	.133
230.666	.133
230.800	.133
230.933	.133
231.066	.133
231.200	.133
231.333	.133
231.466	.133
231.600	.133
231.733	.133
231.866	.133
232.000	.133
232.133	.133
232.266	.133
232.400	.133
232.533	.133
232.666	.133
232.800	.133
232.933	.133
233.066	.133
233.200	.133
233.333	.133
233.466	.133
233.600	.133
233.733	.133
233.866	.133
234.000	.133
234.133	.133
234.266	.133
234.400	.133
234.533	.133
234.666	.133
234.800	.133
234.933	.133
235.066	.133
235.200	.133
235.333	.133
235.466	.133
235.600	.133
235.733	.133
235.866	.133
236.000	.133
236.133	.133
236.266	.133
236.400	.133
236.533	.133
236.666	.133
236.800	.133
236.933	.133
237.066	.133
237.200	.133
237.333	.133
237.466	.133
237.600	.133
237.733	.133
237.866	.133
238.000	.133
238.133	.133
238.266	.133
238.400	.133
238.533	.133
238.666	.133
238.800	.133
238.933	.133
239.066	.133
239.200	.133
239.333	.133
239.466	.133
239.600	.133
239.733	.133
239.866	.133
240.000	.133
240.133	.133
240.266	.133
240.400	.133
240.533	.133
240.666	.133
240.800	.133
240.933	.133
241.066	.133
241.200	.133
241.333	.133
241.466	.133
241.600	.133
241.733	.133
241.866	.133
242.000	.133
242.133	.133
242.266	.133
242.400	.133
242.533	.133
242.666	.133
242.800	.133
242.933	.133
243.066	.133
243.200	.133
243.333	.133
243.466	.133
243.600	.133
243.733	.133
243.866	.133
244.000	.133
244.133	.133
244.266	.133
244.400	.133
244.533	.133
244.666	.133
244.800	.133
244.933	.133
245.066	.133
245.200	.133
245.333	.133
245.466	.133
245.600	.133
245.733	.133
245.866	.133
246.000	.133
246.133	.133
246.266	.133
246.400	.133
246.533	.133
246.666	.133
246.800	.133
246.933	.133
247.066	.133
247.200	.133
247.333	.133
247.466	.133
247.600	.133
247.733	.133
247.866	.133
248.000	.133
248.133	.133
248.266	.133
248.400	.133
248.533	.133
248.666	.133
248.800	.133
248.933	.133
249.066	.133
249.200	.133
249.333	.133
249.466	.133
249.600	.133
249.733	.133
249.866	.133
250.000	.133
250.133	.133
250.266	.133
250.400	.133
250.533	.133
250.666	.133
250.800	.133
250.933	.133
251.066	.133
251.200	.133
251.333	.133
251.466	.133
251.600	.133
251.733	.133
251.866	.133
252.000	.133
252.133	.133
252.266	.133
252.400	.133
252.533	.133
252.666	.133
252.800	.133
252.933	.133
253.066	.133
253.200	.133
253.333	.133
253.466	.133
253.600	.133
253.733	.133
253.866	.133
254.000	.133
254.133	.133
254.266	.133
254.400	.133
254.533	.133
254.666	.133
254.800	.133
254.933	.133
255.066	.133
255.200	.133
255.333	.133
255.466	.133
255.600	.133
255.733	.133
255.866	.133
256.000	.133
256.133	.133
256.266	.133
256.400	.133
256.533	.133
256.666	.133
256.800	.133
256.933	.133
257.066	.133
257.200	.133
257.333	.133
257.466	.133
257.600	.133
257.733	.133
257.866	.133
258.000	.133
258.133	.133
258.266	.133
258.400	.133
258.533	.133
258.666	.133
258.800	.133
258.933	.133
259.066	.133
259.200	.133
259.333	.133
259.466	.133
259.600	.133
259.733	.133
259.866	.133
260.000	.133
260.133	.133
260.266	.133
260.400	.133
260.533	.133
260.666	.133
260.800	.133
260.933	.133
261.066	.133
261.200	.133
261.333	.133
261.466	.133
261.600	.133
261.733	.133
261.866	.133
262.000	.133
262.133	.133
262.266	.133
262.400	.133
262.533	.133
262.666	.133
262.800	.133
262.933	.133
263.066	.133
263.200	.133
263.333	.133
263.466	.133
263.600	.133
263.733	.133
263.866	.133
264.000	.133
264.133	.133
264.266	.133
264.400	.133
264.533	.133
264.666	.133
264.800	.133
264.933	.133
265.066	.133
265.200	.133
265.333	.133
265.466	.133
265.600	.133
265.733	.133
265.866	.133
266.000	.133
266.133	.133
266.266	.133
266.400	.133
266.533	.133
266.666	.133
266.800	.133
266.933	.133
267.066	.133
267.200	.133
267.333	.133
267.466	.133
267.600	.133
267.733	.133
267.866	.133
268.000	.133
268.133	.133
268.266	.133
268.400	.133
268.533	.133
268.666	.133
268.800	.133
268.933	.133
269.066	.133
269.200	.133
269.333	.133
269.466	.133
269.600	.133
269.733	.133
269.866	.133
270.000	.133
270.133	.133
270.266	.133
270.400	.133
270.533	.133
270.666	.133
270.800	.133
270.933	.133
271.066	.133
271.200	.133
271.333	.133
271.466	.133
271.600	.133
271.733	.133
271.866	.133
272.000	.133
272.133	.133
272.266	.133
272.400	.133
272.533	.133
272.666	.133
272.800	.133
272.933	.133
273.066	.133
273.200	.133
273.333	.133
273.466	.133
273.600	.133
273.733	.133
273.866	.133
274.000	.133
274.133	.133
274.266	.133
274.400	.133
274.533	.133
274.666	.133
274.800	.133
274.933	.133
275.066	.133
275.200	.133
275.333	.133
275.466	.133
275.600	.133
275.733	.133
275.866	.133
276.000	.133
276.133	.133
276.266	.133
276.400	.133
276.533	.133
276.666	.133
276.800	.133
276.933	.133
277.066	.133
277.200	.133
277.333	.133
277.466	.133
277.600	.133
277.733	.133
277.866	.133
278.000	.133
278.133	.133
278.266	.133
278.400	.133
278.533	.133
278.666	.133
278.800	.133
278.933	.133
279.066	.133
279.200	.133
279.333	.133
279.466	.133
279.600	.133
279.733	.133
279.866	.133
280.000	.133
280.133	.133
280.266	.133
280.400	.133
280.533	.133
280.666	.133
280.800	.133
280.933	.133
281.066	.133
281.200	.133
281.333	.133
281.466	.133
281.600	.133
281.733	.133
281.866	.133
282.000	.133
282.133	.133
282.266	.133
282.400	.133
282.533	.133
282.666	.133
282.800	.133
282.933	.133
283.066	.133
283.200	.133
283.333	.133
283.466	.133
283.600	.133
283.733	.133
283.866	.133
284.000	.133
284.133	.133
284.266	.133
284.400	.133
284.533	.133
284.666	.133
284.800	.133
284.933	.133
285.066	.133
285.200	.133
285.333	.133
285.466	.133
285.600	.133
285.733	.133
285.866	.133
286.000	.133
286.133	.133
286.266	.133
286.400	.133
286.533	.133
286.666	.133
286.800	.133
286.933	.133
287.066	.133
287.200	.133
287.333	.133
287.466	.133
287.600	.133
287.733	.133
287.866	.133
288.000	.133
288.133	.133
288.266	.133
288.400	.133
288.533	.133
288.666	.133
288.800	.133
288.933	.133
289.066	.133
289.200	.133
289.333	.133
289.466	.133
289.600	.133
289.733	.133
289.866	.133
290.000	.133
290.133	.133
290.266	.133
290.400	.133
290.533	.133
290.666	.133
290.800	.133
290.933	.133
291.066	.133
291.200	.133
291.333	.133
291.466	.133
291.600	.133
291.733	.133
291.866	.133
292.000	.133
292.133	.133
292.266	.133
292.400	.133
292.533	.133
292.666	.133
292.800	.133
292.933	.133
293.066	.133
293.200	.133
293.333	.133
293.466	.133
293.600	.133
293.733	.133
293.866	.133
294.000	.133
294.133	.133
294.266	.133
294.400	.133
294.533	.133
294.666	.133
294.800	.133
294.933	.133
295.066	.133
295.200	.133
295.333	.133
295.466	.133
295.600	.133
295.733	.133
295.866	.133
296.000	.133
296.133	.133
296.266	.133
296.400	.133
296.533	.133
296.666	.133
296.800	.133
296.933	.133
297.066	.133
297.200	.133
297.333	.133
297.466	.133
297.600	.133
297.733	.133
297.866	.133
298.000	.133
298.133	.133
298.266	.133
298.400	.133
298.533	.133
298.666	.133
298.800	.133
298.933	.133
299.066	.133
299.200	.133
299.333	.133
299.466	.133
299.600	.133
299.733	.133
299.866	.133
300.000	.133
