0	0.1
.1	0.1
.2	0.1
.3	0.1
.4	0.1
.5	0.1
.6	0.1
.7	0.1
.8	0.1
.9	0.1
1.0	0.1
1.1	0.1
1.2	0.1
1.3	0.1
1.4	0.1
1.5	0.1
1.6	0.1
1.7	0.1
1.8	0.1
1.9	0.1
2.0	0.1
2.1	0.1
2.2	0.1
2.3	0.1
2.4	0.1
2.5	0.1
2.6	0.1
2.7	0.1
2.8	0.1
2.9	0.1
3.0	0.1
3.1	0.1
3.2	0.1
3.3	0.1
3.4	0.1
3.5	0.1
3.6	0.1
3.7	0.1
3.8	0.1
3.9	0.1
4.0	0.1
4.1	0.1
4.2	0.1
4.3	0.1
4.4	0.1
4.5	0.1
4.6	0.1
4.7	0.1
4.8	0.1
4.9	0.1
5.0	0.1
5.1	0.1
5.2	0.1
5.3	0.1
5.4	0.1
5.5	0.1
5.6	0.1
5.7	0.1
5.8	0.1
5.9	0.1
6.0	0.1
6.1	0.1
6.2	0.1
6.3	0.1
6.4	0.1
6.5	0.1
6.6	0.1
6.7	0.1
6.8	0.1
6.9	0.1
7.0	0.1
7.1	0.1
7.2	0.1
7.3	0.1
7.4	0.1
7.5	0.1
7.6	0.1
7.7	0.1
7.8	0.1
7.9	0.1
8.0	0.1
8.1	0.1
8.2	0.1
8.3	0.1
8.4	0.1
8.5	0.1
8.6	0.1
8.7	0.1
8.8	0.1
8.9	0.1
9.0	0.1
9.1	0.1
9.2	0.1
9.3	0.1
9.4	0.1
9.5	0.1
9.6	0.1
9.7	0.1
9.8	0.1
9.9	0.1
10.0	0.1
10.1	0.1
10.2	0.1
10.3	0.1
10.4	0.1
10.5	0.1
10.6	0.1
10.7	0.1
10.8	0.1
10.9	0.1
11.0	0.1
11.1	0.1
11.2	0.1
11.3	0.1
11.4	0.1
11.5	0.1
11.6	0.1
11.7	0.1
11.8	0.1
11.9	0.1
12.0	0.1
12.1	0.1
12.2	0.1
12.3	0.1
12.4	0.1
12.5	0.1
12.6	0.1
12.7	0.1
12.8	0.1
12.9	0.1
13.0	0.1
13.1	0.1
13.2	0.1
13.3	0.1
13.4	0.1
13.5	0.1
13.6	0.1
13.7	0.1
13.8	0.1
13.9	0.1
14.0	0.1
14.1	0.1
14.2	0.1
14.3	0.1
14.4	0.1
14.5	0.1
14.6	0.1
14.7	0.1
14.8	0.1
14.9	0.1
15.0	0.1
15.1	0.1
15.2	0.1
15.3	0.1
15.4	0.1
15.5	0.1
15.6	0.1
15.7	0.1
15.8	0.1
15.9	0.1
16.0	0.1
16.1	0.1
16.2	0.1
16.3	0.1
16.4	0.1
16.5	0.1
16.6	0.1
16.7	0.1
16.8	0.1
16.9	0.1
17.0	0.1
17.1	0.1
17.2	0.1
17.3	0.1
17.4	0.1
17.5	0.1
17.6	0.1
17.7	0.1
17.8	0.1
17.9	0.1
18.0	0.1
18.1	0.1
18.2	0.1
18.3	0.1
18.4	0.1
18.5	0.1
18.6	0.1
18.7	0.1
18.8	0.1
18.9	0.1
19.0	0.1
19.1	0.1
19.2	0.1
19.3	0.1
19.4	0.1
19.5	0.1
19.6	0.1
19.7	0.1
19.8	0.1
19.9	0.1
20.0	0.1
20.1	0.1
20.2	0.1
20.3	0.1
20.4	0.1
20.5	0.1
20.6	0.1
20.7	0.1
20.8	0.1
20.9	0.1
21.0	0.1
21.1	0.1
21.2	0.1
21.3	0.1
21.4	0.1
21.5	0.1
21.6	0.1
21.7	0.1
21.8	0.1
21.9	0.1
22.0	0.1
22.1	0.1
22.2	0.1
22.3	0.1
22.4	0.1
22.5	0.1
22.6	0.1
22.7	0.1
22.8	0.1
22.9	0.1
23.0	0.1
23.1	0.1
23.2	0.1
23.3	0.1
23.4	0.1
23.5	0.1
23.6	0.1
23.7	0.1
23.8	0.1
23.9	0.1
24.0	0.1
24.1	0.1
24.2	0.1
24.3	0.1
24.4	0.1
24.5	0.1
24.6	0.1
24.7	0.1
24.8	0.1
24.9	0.1
25.0	0.1
25.1	0.1
25.2	0.1
25.3	0.1
25.4	0.1
25.5	0.1
25.6	0.1
25.7	0.1
25.8	0.1
25.9	0.1
26.0	0.1
26.1	0.1
26.2	0.1
26.3	0.1
26.4	0.1
26.5	0.1
26.6	0.1
26.7	0.1
26.8	0.1
26.9	0.1
27.0	0.1
27.1	0.1
27.2	0.1
27.3	0.1
27.4	0.1
27.5	0.1
27.6	0.1
27.7	0.1
27.8	0.1
27.9	0.1
28.0	0.1
28.1	0.1
28.2	0.1
28.3	0.1
28.4	0.1
28.5	0.1
28.6	0.1
28.7	0.1
28.8	0.1
28.9	0.1
29.0	0.1
29.1	0.1
29.2	0.1
29.3	0.1
29.4	0.1
29.5	0.1
29.6	0.1
29.7	0.1
29.8	0.1
29.9	0.1
30.0	0.1
30.1	0.1
30.2	0.1
30.3	0.1
30.4	0.1
30.5	0.1
30.6	0.1
30.7	0.1
30.8	0.1
30.9	0.1
31.0	0.1
31.1	0.1
31.2	0.1
31.3	0.1
31.4	0.1
31.5	0.1
31.6	0.1
31.7	0.1
31.8	0.1
31.9	0.1
32.0	0.1
32.1	0.1
32.2	0.1
32.3	0.1
32.4	0.1
32.5	0.1
32.6	0.1
32.7	0.1
32.8	0.1
32.9	0.1
33.0	0.1
33.1	0.1
33.2	0.1
33.3	0.1
33.4	0.1
33.5	0.1
33.6	0.1
33.7	0.1
33.8	0.1
33.9	0.1
34.0	0.1
34.1	0.1
34.2	0.1
34.3	0.1
34.4	0.1
34.5	0.1
34.6	0.1
34.7	0.1
34.8	0.1
34.9	0.1
35.0	0.1
35.1	0.1
35.2	0.1
35.3	0.1
35.4	0.1
35.5	0.1
35.6	0.1
35.7	0.1
35.8	0.1
35.9	0.1
36.0	0.1
36.1	0.1
36.2	0.1
36.3	0.1
36.4	0.1
36.5	0.1
36.6	0.1
36.7	0.1
36.8	0.1
36.9	0.1
37.0	0.1
37.1	0.1
37.2	0.1
37.3	0.1
37.4	0.1
37.5	0.1
37.6	0.1
37.7	0.1
37.8	0.1
37.9	0.1
38.0	0.1
38.1	0.1
38.2	0.1
38.3	0.1
38.4	0.1
38.5	0.1
38.6	0.1
38.7	0.1
38.8	0.1
38.9	0.1
39.0	0.1
39.1	0.1
39.2	0.1
39.3	0.1
39.4	0.1
39.5	0.1
39.6	0.1
39.7	0.1
39.8	0.1
39.9	0.1
40.0	0.1
40.1	0.1
40.2	0.1
40.3	0.1
40.4	0.1
40.5	0.1
40.6	0.1
40.7	0.1
40.8	0.1
40.9	0.1
41.0	0.1
41.1	0.1
41.2	0.1
41.3	0.1
41.4	0.1
41.5	0.1
41.6	0.1
41.7	0.1
41.8	0.1
41.9	0.1
42.0	0.1
42.1	0.1
42.2	0.1
42.3	0.1
42.4	0.1
42.5	0.1
42.6	0.1
42.7	0.1
42.8	0.1
42.9	0.1
43.0	0.1
43.1	0.1
43.2	0.1
43.3	0.1
43.4	0.1
43.5	0.1
43.6	0.1
43.7	0.1
43.8	0.1
43.9	0.1
44.0	0.1
44.1	0.1
44.2	0.1
44.3	0.1
44.4	0.1
44.5	0.1
44.6	0.1
44.7	0.1
44.8	0.1
44.9	0.1
45.0	0.1
45.1	0.1
45.2	0.1
45.3	0.1
45.4	0.1
45.5	0.1
45.6	0.1
45.7	0.1
45.8	0.1
45.9	0.1
46.0	0.1
46.1	0.1
46.2	0.1
46.3	0.1
46.4	0.1
46.5	0.1
46.6	0.1
46.7	0.1
46.8	0.1
46.9	0.1
47.0	0.1
47.1	0.1
47.2	0.1
47.3	0.1
47.4	0.1
47.5	0.1
47.6	0.1
47.7	0.1
47.8	0.1
47.9	0.1
48.0	0.1
48.1	0.1
48.2	0.1
48.3	0.1
48.4	0.1
48.5	0.1
48.6	0.1
48.7	0.1
48.8	0.1
48.9	0.1
49.0	0.1
49.1	0.1
49.2	0.1
49.3	0.1
49.4	0.1
49.5	0.1
49.6	0.1
49.7	0.1
49.8	0.1
49.9	0.1
50.0	0.1
50.1	0.1
50.2	0.1
50.3	0.1
50.4	0.1
50.5	0.1
50.6	0.1
50.7	0.1
50.8	0.1
50.9	0.1
51.0	0.1
51.1	0.1
51.2	0.1
51.3	0.1
51.4	0.1
51.5	0.1
51.6	0.1
51.7	0.1
51.8	0.1
51.9	0.1
52.0	0.1
52.1	0.1
52.2	0.1
52.3	0.1
52.4	0.1
52.5	0.1
52.6	0.1
52.7	0.1
52.8	0.1
52.9	0.1
53.0	0.1
53.1	0.1
53.2	0.1
53.3	0.1
53.4	0.1
53.5	0.1
53.6	0.1
53.7	0.1
53.8	0.1
53.9	0.1
54.0	0.1
54.1	0.1
54.2	0.1
54.3	0.1
54.4	0.1
54.5	0.1
54.6	0.1
54.7	0.1
54.8	0.1
54.9	0.1
55.0	0.1
55.1	0.1
55.2	0.1
55.3	0.1
55.4	0.1
55.5	0.1
55.6	0.1
55.7	0.1
55.8	0.1
55.9	0.1
56.0	0.1
56.1	0.1
56.2	0.1
56.3	0.1
56.4	0.1
56.5	0.1
56.6	0.1
56.7	0.1
56.8	0.1
56.9	0.1
57.0	0.1
57.1	0.1
57.2	0.1
57.3	0.1
57.4	0.1
57.5	0.1
57.6	0.1
57.7	0.1
57.8	0.1
57.9	0.1
58.0	0.1
58.1	0.1
58.2	0.1
58.3	0.1
58.4	0.1
58.5	0.1
58.6	0.1
58.7	0.1
58.8	0.1
58.9	0.1
59.0	0.1
59.1	0.1
59.2	0.1
59.3	0.1
59.4	0.1
59.5	0.1
59.6	0.1
59.7	0.1
59.8	0.1
59.9	0.1
60.0	0.1
60.1	0.1
60.2	0.1
60.3	0.1
60.4	0.1
60.5	0.1
60.6	0.1
60.7	0.1
60.8	0.1
60.9	0.1
61.0	0.1
61.1	0.1
61.2	0.1
61.3	0.1
61.4	0.1
61.5	0.1
61.6	0.1
61.7	0.1
61.8	0.1
61.9	0.1
62.0	0.1
62.1	0.1
62.2	0.1
62.3	0.1
62.4	0.1
62.5	0.1
62.6	0.1
62.7	0.1
62.8	0.1
62.9	0.1
63.0	0.1
63.1	0.1
63.2	0.1
63.3	0.1
63.4	0.1
63.5	0.1
63.6	0.1
63.7	0.1
63.8	0.1
63.9	0.1
64.0	0.1
64.1	0.1
64.2	0.1
64.3	0.1
64.4	0.1
64.5	0.1
64.6	0.1
64.7	0.1
64.8	0.1
64.9	0.1
65.0	0.1
65.1	0.1
65.2	0.1
65.3	0.1
65.4	0.1
65.5	0.1
65.6	0.1
65.7	0.1
65.8	0.1
65.9	0.1
66.0	0.1
66.1	0.1
66.2	0.1
66.3	0.1
66.4	0.1
66.5	0.1
66.6	0.1
66.7	0.1
66.8	0.1
66.9	0.1
67.0	0.1
67.1	0.1
67.2	0.1
67.3	0.1
67.4	0.1
67.5	0.1
67.6	0.1
67.7	0.1
67.8	0.1
67.9	0.1
68.0	0.1
68.1	0.1
68.2	0.1
68.3	0.1
68.4	0.1
68.5	0.1
68.6	0.1
68.7	0.1
68.8	0.1
68.9	0.1
69.0	0.1
69.1	0.1
69.2	0.1
69.3	0.1
69.4	0.1
69.5	0.1
69.6	0.1
69.7	0.1
69.8	0.1
69.9	0.1
70.0	0.1
70.1	0.1
70.2	0.1
70.3	0.1
70.4	0.1
70.5	0.1
70.6	0.1
70.7	0.1
70.8	0.1
70.9	0.1
71.0	0.1
71.1	0.1
71.2	0.1
71.3	0.1
71.4	0.1
71.5	0.1
71.6	0.1
71.7	0.1
71.8	0.1
71.9	0.1
72.0	0.1
72.1	0.1
72.2	0.1
72.3	0.1
72.4	0.1
72.5	0.1
72.6	0.1
72.7	0.1
72.8	0.1
72.9	0.1
73.0	0.1
73.1	0.1
73.2	0.1
73.3	0.1
73.4	0.1
73.5	0.1
73.6	0.1
73.7	0.1
73.8	0.1
73.9	0.1
74.0	0.1
74.1	0.1
74.2	0.1
74.3	0.1
74.4	0.1
74.5	0.1
74.6	0.1
74.7	0.1
74.8	0.1
74.9	0.1
75.0	0.1
75.1	0.1
75.2	0.1
75.3	0.1
75.4	0.1
75.5	0.1
75.6	0.1
75.7	0.1
75.8	0.1
75.9	0.1
76.0	0.1
76.1	0.1
76.2	0.1
76.3	0.1
76.4	0.1
76.5	0.1
76.6	0.1
76.7	0.1
76.8	0.1
76.9	0.1
77.0	0.1
77.1	0.1
77.2	0.1
77.3	0.1
77.4	0.1
77.5	0.1
77.6	0.1
77.7	0.1
77.8	0.1
77.9	0.1
78.0	0.1
78.1	0.1
78.2	0.1
78.3	0.1
78.4	0.1
78.5	0.1
78.6	0.1
78.7	0.1
78.8	0.1
78.9	0.1
79.0	0.1
79.1	0.1
79.2	0.1
79.3	0.1
79.4	0.1
79.5	0.1
79.6	0.1
79.7	0.1
79.8	0.1
79.9	0.1
80.0	0.1
80.1	0.1
80.2	0.1
80.3	0.1
80.4	0.1
80.5	0.1
80.6	0.1
80.7	0.1
80.8	0.1
80.9	0.1
81.0	0.1
81.1	0.1
81.2	0.1
81.3	0.1
81.4	0.1
81.5	0.1
81.6	0.1
81.7	0.1
81.8	0.1
81.9	0.1
82.0	0.1
82.1	0.1
82.2	0.1
82.3	0.1
82.4	0.1
82.5	0.1
82.6	0.1
82.7	0.1
82.8	0.1
82.9	0.1
83.0	0.1
83.1	0.1
83.2	0.1
83.3	0.1
83.4	0.1
83.5	0.1
83.6	0.1
83.7	0.1
83.8	0.1
83.9	0.1
84.0	0.1
84.1	0.1
84.2	0.1
84.3	0.1
84.4	0.1
84.5	0.1
84.6	0.1
84.7	0.1
84.8	0.1
84.9	0.1
85.0	0.1
85.1	0.1
85.2	0.1
85.3	0.1
85.4	0.1
85.5	0.1
85.6	0.1
85.7	0.1
85.8	0.1
85.9	0.1
86.0	0.1
86.1	0.1
86.2	0.1
86.3	0.1
86.4	0.1
86.5	0.1
86.6	0.1
86.7	0.1
86.8	0.1
86.9	0.1
87.0	0.1
87.1	0.1
87.2	0.1
87.3	0.1
87.4	0.1
87.5	0.1
87.6	0.1
87.7	0.1
87.8	0.1
87.9	0.1
88.0	0.1
88.1	0.1
88.2	0.1
88.3	0.1
88.4	0.1
88.5	0.1
88.6	0.1
88.7	0.1
88.8	0.1
88.9	0.1
89.0	0.1
89.1	0.1
89.2	0.1
89.3	0.1
89.4	0.1
89.5	0.1
89.6	0.1
89.7	0.1
89.8	0.1
89.9	0.1
90.0	0.1
90.1	0.1
90.2	0.1
90.3	0.1
90.4	0.1
90.5	0.1
90.6	0.1
90.7	0.1
90.8	0.1
90.9	0.1
91.0	0.1
91.1	0.1
91.2	0.1
91.3	0.1
91.4	0.1
91.5	0.1
91.6	0.1
91.7	0.1
91.8	0.1
91.9	0.1
92.0	0.1
92.1	0.1
92.2	0.1
92.3	0.1
92.4	0.1
92.5	0.1
92.6	0.1
92.7	0.1
92.8	0.1
92.9	0.1
93.0	0.1
93.1	0.1
93.2	0.1
93.3	0.1
93.4	0.1
93.5	0.1
93.6	0.1
93.7	0.1
93.8	0.1
93.9	0.1
94.0	0.1
94.1	0.1
94.2	0.1
94.3	0.1
94.4	0.1
94.5	0.1
94.6	0.1
94.7	0.1
94.8	0.1
94.9	0.1
95.0	0.1
95.1	0.1
95.2	0.1
95.3	0.1
95.4	0.1
95.5	0.1
95.6	0.1
95.7	0.1
95.8	0.1
95.9	0.1
96.0	0.1
96.1	0.1
96.2	0.1
96.3	0.1
96.4	0.1
96.5	0.1
96.6	0.1
96.7	0.1
96.8	0.1
96.9	0.1
97.0	0.1
97.1	0.1
97.2	0.1
97.3	0.1
97.4	0.1
97.5	0.1
97.6	0.1
97.7	0.1
97.8	0.1
97.9	0.1
98.0	0.1
98.1	0.1
98.2	0.1
98.3	0.1
98.4	0.1
98.5	0.1
98.6	0.1
98.7	0.1
98.8	0.1
98.9	0.1
99.0	0.1
99.1	0.1
99.2	0.1
99.3	0.1
99.4	0.1
99.5	0.1
99.6	0.1
99.7	0.1
99.8	0.1
99.9	0.1
100.0	0.1
100.1	0.1
100.2	0.1
100.3	0.1
100.4	0.1
100.5	0.1
100.6	0.1
100.7	0.1
100.8	0.1
100.9	0.1
101.0	0.1
101.1	0.1
101.2	0.1
101.3	0.1
101.4	0.1
101.5	0.1
101.6	0.1
101.7	0.1
101.8	0.1
101.9	0.1
102.0	0.1
102.1	0.1
102.2	0.1
102.3	0.1
102.4	0.1
102.5	0.1
102.6	0.1
102.7	0.1
102.8	0.1
102.9	0.1
103.0	0.1
103.1	0.1
103.2	0.1
103.3	0.1
103.4	0.1
103.5	0.1
103.6	0.1
103.7	0.1
103.8	0.1
103.9	0.1
104.0	0.1
104.1	0.1
104.2	0.1
104.3	0.1
104.4	0.1
104.5	0.1
104.6	0.1
104.7	0.1
104.8	0.1
104.9	0.1
105.0	0.1
105.1	0.1
105.2	0.1
105.3	0.1
105.4	0.1
105.5	0.1
105.6	0.1
105.7	0.1
105.8	0.1
105.9	0.1
106.0	0.1
106.1	0.1
106.2	0.1
106.3	0.1
106.4	0.1
106.5	0.1
106.6	0.1
106.7	0.1
106.8	0.1
106.9	0.1
107.0	0.1
107.1	0.1
107.2	0.1
107.3	0.1
107.4	0.1
107.5	0.1
107.6	0.1
107.7	0.1
107.8	0.1
107.9	0.1
108.0	0.1
108.1	0.1
108.2	0.1
108.3	0.1
108.4	0.1
108.5	0.1
108.6	0.1
108.7	0.1
108.8	0.1
108.9	0.1
109.0	0.1
109.1	0.1
109.2	0.1
109.3	0.1
109.4	0.1
109.5	0.1
109.6	0.1
109.7	0.1
109.8	0.1
109.9	0.1
110.0	0.1
110.1	0.1
110.2	0.1
110.3	0.1
110.4	0.1
110.5	0.1
110.6	0.1
110.7	0.1
110.8	0.1
110.9	0.1
111.0	0.1
111.1	0.1
111.2	0.1
111.3	0.1
111.4	0.1
111.5	0.1
111.6	0.1
111.7	0.1
111.8	0.1
111.9	0.1
112.0	0.1
112.1	0.1
112.2	0.1
112.3	0.1
112.4	0.1
112.5	0.1
112.6	0.1
112.7	0.1
112.8	0.1
112.9	0.1
113.0	0.1
113.1	0.1
113.2	0.1
113.3	0.1
113.4	0.1
113.5	0.1
113.6	0.1
113.7	0.1
113.8	0.1
113.9	0.1
114.0	0.1
114.1	0.1
114.2	0.1
114.3	0.1
114.4	0.1
114.5	0.1
114.6	0.1
114.7	0.1
114.8	0.1
114.9	0.1
115.0	0.1
115.1	0.1
115.2	0.1
115.3	0.1
115.4	0.1
115.5	0.1
115.6	0.1
115.7	0.1
115.8	0.1
115.9	0.1
116.0	0.1
116.1	0.1
116.2	0.1
116.3	0.1
116.4	0.1
116.5	0.1
116.6	0.1
116.7	0.1
116.8	0.1
116.9	0.1
117.0	0.1
117.1	0.1
117.2	0.1
117.3	0.1
117.4	0.1
117.5	0.1
117.6	0.1
117.7	0.1
117.8	0.1
117.9	0.1
118.0	0.1
118.1	0.1
118.2	0.1
118.3	0.1
118.4	0.1
118.5	0.1
118.6	0.1
118.7	0.1
118.8	0.1
118.9	0.1
119.0	0.1
119.1	0.1
119.2	0.1
119.3	0.1
119.4	0.1
119.5	0.1
119.6	0.1
119.7	0.1
119.8	0.1
119.9	0.1
120.0	0.1
120.1	0.1
120.2	0.1
120.3	0.1
120.4	0.1
120.5	0.1
120.6	0.1
120.7	0.1
120.8	0.1
120.9	0.1
121.0	0.1
121.1	0.1
121.2	0.1
121.3	0.1
121.4	0.1
121.5	0.1
121.6	0.1
121.7	0.1
121.8	0.1
121.9	0.1
122.0	0.1
122.1	0.1
122.2	0.1
122.3	0.1
122.4	0.1
122.5	0.1
122.6	0.1
122.7	0.1
122.8	0.1
122.9	0.1
123.0	0.1
123.1	0.1
123.2	0.1
123.3	0.1
123.4	0.1
123.5	0.1
123.6	0.1
123.7	0.1
123.8	0.1
123.9	0.1
124.0	0.1
124.1	0.1
124.2	0.1
124.3	0.1
124.4	0.1
124.5	0.1
124.6	0.1
124.7	0.1
124.8	0.1
124.9	0.1
125.0	0.1
125.1	0.1
125.2	0.1
125.3	0.1
125.4	0.1
125.5	0.1
125.6	0.1
125.7	0.1
125.8	0.1
125.9	0.1
126.0	0.1
126.1	0.1
126.2	0.1
126.3	0.1
126.4	0.1
126.5	0.1
126.6	0.1
126.7	0.1
126.8	0.1
126.9	0.1
127.0	0.1
127.1	0.1
127.2	0.1
127.3	0.1
127.4	0.1
127.5	0.1
127.6	0.1
127.7	0.1
127.8	0.1
127.9	0.1
128.0	0.1
128.1	0.1
128.2	0.1
128.3	0.1
128.4	0.1
128.5	0.1
128.6	0.1
128.7	0.1
128.8	0.1
128.9	0.1
129.0	0.1
129.1	0.1
129.2	0.1
129.3	0.1
129.4	0.1
129.5	0.1
129.6	0.1
129.7	0.1
129.8	0.1
129.9	0.1
130.0	0.1
130.1	0.1
130.2	0.1
130.3	0.1
130.4	0.1
130.5	0.1
130.6	0.1
130.7	0.1
130.8	0.1
130.9	0.1
131.0	0.1
131.1	0.1
131.2	0.1
131.3	0.1
131.4	0.1
131.5	0.1
131.6	0.1
131.7	0.1
131.8	0.1
131.9	0.1
132.0	0.1
132.1	0.1
132.2	0.1
132.3	0.1
132.4	0.1
132.5	0.1
132.6	0.1
132.7	0.1
132.8	0.1
132.9	0.1
133.0	0.1
133.1	0.1
133.2	0.1
133.3	0.1
133.4	0.1
133.5	0.1
133.6	0.1
133.7	0.1
133.8	0.1
133.9	0.1
134.0	0.1
134.1	0.1
134.2	0.1
134.3	0.1
134.4	0.1
134.5	0.1
134.6	0.1
134.7	0.1
134.8	0.1
134.9	0.1
135.0	0.1
135.1	0.1
135.2	0.1
135.3	0.1
135.4	0.1
135.5	0.1
135.6	0.1
135.7	0.1
135.8	0.1
135.9	0.1
136.0	0.1
136.1	0.1
136.2	0.1
136.3	0.1
136.4	0.1
136.5	0.1
136.6	0.1
136.7	0.1
136.8	0.1
136.9	0.1
137.0	0.1
137.1	0.1
137.2	0.1
137.3	0.1
137.4	0.1
137.5	0.1
137.6	0.1
137.7	0.1
137.8	0.1
137.9	0.1
138.0	0.1
138.1	0.1
138.2	0.1
138.3	0.1
138.4	0.1
138.5	0.1
138.6	0.1
138.7	0.1
138.8	0.1
138.9	0.1
139.0	0.1
139.1	0.1
139.2	0.1
139.3	0.1
139.4	0.1
139.5	0.1
139.6	0.1
139.7	0.1
139.8	0.1
139.9	0.1
140.0	0.1
140.1	0.1
140.2	0.1
140.3	0.1
140.4	0.1
140.5	0.1
140.6	0.1
140.7	0.1
140.8	0.1
140.9	0.1
141.0	0.1
141.1	0.1
141.2	0.1
141.3	0.1
141.4	0.1
141.5	0.1
141.6	0.1
141.7	0.1
141.8	0.1
141.9	0.1
142.0	0.1
142.1	0.1
142.2	0.1
142.3	0.1
142.4	0.1
142.5	0.1
142.6	0.1
142.7	0.1
142.8	0.1
142.9	0.1
143.0	0.1
143.1	0.1
143.2	0.1
143.3	0.1
143.4	0.1
143.5	0.1
143.6	0.1
143.7	0.1
143.8	0.1
143.9	0.1
144.0	0.1
144.1	0.1
144.2	0.1
144.3	0.1
144.4	0.1
144.5	0.1
144.6	0.1
144.7	0.1
144.8	0.1
144.9	0.1
145.0	0.1
145.1	0.1
145.2	0.1
145.3	0.1
145.4	0.1
145.5	0.1
145.6	0.1
145.7	0.1
145.8	0.1
145.9	0.1
146.0	0.1
146.1	0.1
146.2	0.1
146.3	0.1
146.4	0.1
146.5	0.1
146.6	0.1
146.7	0.1
146.8	0.1
146.9	0.1
147.0	0.1
147.1	0.1
147.2	0.1
147.3	0.1
147.4	0.1
147.5	0.1
147.6	0.1
147.7	0.1
147.8	0.1
147.9	0.1
148.0	0.1
148.1	0.1
148.2	0.1
148.3	0.1
148.4	0.1
148.5	0.1
148.6	0.1
148.7	0.1
148.8	0.1
148.9	0.1
149.0	0.1
149.1	0.1
149.2	0.1
149.3	0.1
149.4	0.1
149.5	0.1
149.6	0.1
149.7	0.1
149.8	0.1
149.9	0.1
150.0	0.1
150.1	0.1
150.2	0.1
150.3	0.1
150.4	0.1
150.5	0.1
150.6	0.1
150.7	0.1
150.8	0.1
150.9	0.1
151.0	0.1
151.1	0.1
151.2	0.1
151.3	0.1
151.4	0.1
151.5	0.1
151.6	0.1
151.7	0.1
151.8	0.1
151.9	0.1
152.0	0.1
152.1	0.1
152.2	0.1
152.3	0.1
152.4	0.1
152.5	0.1
152.6	0.1
152.7	0.1
152.8	0.1
152.9	0.1
153.0	0.1
153.1	0.1
153.2	0.1
153.3	0.1
153.4	0.1
153.5	0.1
153.6	0.1
153.7	0.1
153.8	0.1
153.9	0.1
154.0	0.1
154.1	0.1
154.2	0.1
154.3	0.1
154.4	0.1
154.5	0.1
154.6	0.1
154.7	0.1
154.8	0.1
154.9	0.1
155.0	0.1
155.1	0.1
155.2	0.1
155.3	0.1
155.4	0.1
155.5	0.1
155.6	0.1
155.7	0.1
155.8	0.1
155.9	0.1
156.0	0.1
156.1	0.1
156.2	0.1
156.3	0.1
156.4	0.1
156.5	0.1
156.6	0.1
156.7	0.1
156.8	0.1
156.9	0.1
157.0	0.1
157.1	0.1
157.2	0.1
157.3	0.1
157.4	0.1
157.5	0.1
157.6	0.1
157.7	0.1
157.8	0.1
157.9	0.1
158.0	0.1
158.1	0.1
158.2	0.1
158.3	0.1
158.4	0.1
158.5	0.1
158.6	0.1
158.7	0.1
158.8	0.1
158.9	0.1
159.0	0.1
159.1	0.1
159.2	0.1
159.3	0.1
159.4	0.1
159.5	0.1
159.6	0.1
159.7	0.1
159.8	0.1
159.9	0.1
160.0	0.1
160.1	0.1
160.2	0.1
160.3	0.1
160.4	0.1
160.5	0.1
160.6	0.1
160.7	0.1
160.8	0.1
160.9	0.1
161.0	0.1
161.1	0.1
161.2	0.1
161.3	0.1
161.4	0.1
161.5	0.1
161.6	0.1
161.7	0.1
161.8	0.1
161.9	0.1
162.0	0.1
162.1	0.1
162.2	0.1
162.3	0.1
162.4	0.1
162.5	0.1
162.6	0.1
162.7	0.1
162.8	0.1
162.9	0.1
163.0	0.1
163.1	0.1
163.2	0.1
163.3	0.1
163.4	0.1
163.5	0.1
163.6	0.1
163.7	0.1
163.8	0.1
163.9	0.1
164.0	0.1
164.1	0.1
164.2	0.1
164.3	0.1
164.4	0.1
164.5	0.1
164.6	0.1
164.7	0.1
164.8	0.1
164.9	0.1
165.0	0.1
165.1	0.1
165.2	0.1
165.3	0.1
165.4	0.1
165.5	0.1
165.6	0.1
165.7	0.1
165.8	0.1
165.9	0.1
166.0	0.1
166.1	0.1
166.2	0.1
166.3	0.1
166.4	0.1
166.5	0.1
166.6	0.1
166.7	0.1
166.8	0.1
166.9	0.1
167.0	0.1
167.1	0.1
167.2	0.1
167.3	0.1
167.4	0.1
167.5	0.1
167.6	0.1
167.7	0.1
167.8	0.1
167.9	0.1
168.0	0.1
168.1	0.1
168.2	0.1
168.3	0.1
168.4	0.1
168.5	0.1
168.6	0.1
168.7	0.1
168.8	0.1
168.9	0.1
169.0	0.1
169.1	0.1
169.2	0.1
169.3	0.1
169.4	0.1
169.5	0.1
169.6	0.1
169.7	0.1
169.8	0.1
169.9	0.1
170.0	0.1
170.1	0.1
170.2	0.1
170.3	0.1
170.4	0.1
170.5	0.1
170.6	0.1
170.7	0.1
170.8	0.1
170.9	0.1
171.0	0.1
171.1	0.1
171.2	0.1
171.3	0.1
171.4	0.1
171.5	0.1
171.6	0.1
171.7	0.1
171.8	0.1
171.9	0.1
172.0	0.1
172.1	0.1
172.2	0.1
172.3	0.1
172.4	0.1
172.5	0.1
172.6	0.1
172.7	0.1
172.8	0.1
172.9	0.1
173.0	0.1
173.1	0.1
173.2	0.1
173.3	0.1
173.4	0.1
173.5	0.1
173.6	0.1
173.7	0.1
173.8	0.1
173.9	0.1
174.0	0.1
174.1	0.1
174.2	0.1
174.3	0.1
174.4	0.1
174.5	0.1
174.6	0.1
174.7	0.1
174.8	0.1
174.9	0.1
175.0	0.1
175.1	0.1
175.2	0.1
175.3	0.1
175.4	0.1
175.5	0.1
175.6	0.1
175.7	0.1
175.8	0.1
175.9	0.1
176.0	0.1
176.1	0.1
176.2	0.1
176.3	0.1
176.4	0.1
176.5	0.1
176.6	0.1
176.7	0.1
176.8	0.1
176.9	0.1
177.0	0.1
177.1	0.1
177.2	0.1
177.3	0.1
177.4	0.1
177.5	0.1
177.6	0.1
177.7	0.1
177.8	0.1
177.9	0.1
178.0	0.1
178.1	0.1
178.2	0.1
178.3	0.1
178.4	0.1
178.5	0.1
178.6	0.1
178.7	0.1
178.8	0.1
178.9	0.1
179.0	0.1
179.1	0.1
179.2	0.1
179.3	0.1
179.4	0.1
179.5	0.1
179.6	0.1
179.7	0.1
179.8	0.1
179.9	0.1
180.0	0.1
180.1	0.1
180.2	0.1
180.3	0.1
180.4	0.1
180.5	0.1
180.6	0.1
180.7	0.1
180.8	0.1
180.9	0.1
181.0	0.1
181.1	0.1
181.2	0.1
181.3	0.1
181.4	0.1
181.5	0.1
181.6	0.1
181.7	0.1
181.8	0.1
181.9	0.1
182.0	0.1
182.1	0.1
182.2	0.1
182.3	0.1
182.4	0.1
182.5	0.1
182.6	0.1
182.7	0.1
182.8	0.1
182.9	0.1
183.0	0.1
183.1	0.1
183.2	0.1
183.3	0.1
183.4	0.1
183.5	0.1
183.6	0.1
183.7	0.1
183.8	0.1
183.9	0.1
184.0	0.1
184.1	0.1
184.2	0.1
184.3	0.1
184.4	0.1
184.5	0.1
184.6	0.1
184.7	0.1
184.8	0.1
184.9	0.1
185.0	0.1
185.1	0.1
185.2	0.1
185.3	0.1
185.4	0.1
185.5	0.1
185.6	0.1
185.7	0.1
185.8	0.1
185.9	0.1
186.0	0.1
186.1	0.1
186.2	0.1
186.3	0.1
186.4	0.1
186.5	0.1
186.6	0.1
186.7	0.1
186.8	0.1
186.9	0.1
187.0	0.1
187.1	0.1
187.2	0.1
187.3	0.1
187.4	0.1
187.5	0.1
187.6	0.1
187.7	0.1
187.8	0.1
187.9	0.1
188.0	0.1
188.1	0.1
188.2	0.1
188.3	0.1
188.4	0.1
188.5	0.1
188.6	0.1
188.7	0.1
188.8	0.1
188.9	0.1
189.0	0.1
189.1	0.1
189.2	0.1
189.3	0.1
189.4	0.1
189.5	0.1
189.6	0.1
189.7	0.1
189.8	0.1
189.9	0.1
190.0	0.1
190.1	0.1
190.2	0.1
190.3	0.1
190.4	0.1
190.5	0.1
190.6	0.1
190.7	0.1
190.8	0.1
190.9	0.1
191.0	0.1
191.1	0.1
191.2	0.1
191.3	0.1
191.4	0.1
191.5	0.1
191.6	0.1
191.7	0.1
191.8	0.1
191.9	0.1
192.0	0.1
192.1	0.1
192.2	0.1
192.3	0.1
192.4	0.1
192.5	0.1
192.6	0.1
192.7	0.1
192.8	0.1
192.9	0.1
193.0	0.1
193.1	0.1
193.2	0.1
193.3	0.1
193.4	0.1
193.5	0.1
193.6	0.1
193.7	0.1
193.8	0.1
193.9	0.1
194.0	0.1
194.1	0.1
194.2	0.1
194.3	0.1
194.4	0.1
194.5	0.1
194.6	0.1
194.7	0.1
194.8	0.1
194.9	0.1
195.0	0.1
195.1	0.1
195.2	0.1
195.3	0.1
195.4	0.1
195.5	0.1
195.6	0.1
195.7	0.1
195.8	0.1
195.9	0.1
196.0	0.1
196.1	0.1
196.2	0.1
196.3	0.1
196.4	0.1
196.5	0.1
196.6	0.1
196.7	0.1
196.8	0.1
196.9	0.1
197.0	0.1
197.1	0.1
197.2	0.1
197.3	0.1
197.4	0.1
197.5	0.1
197.6	0.1
197.7	0.1
197.8	0.1
197.9	0.1
198.0	0.1
198.1	0.1
198.2	0.1
198.3	0.1
198.4	0.1
198.5	0.1
198.6	0.1
198.7	0.1
198.8	0.1
198.9	0.1
199.0	0.1
199.1	0.1
199.2	0.1
199.3	0.1
199.4	0.1
199.5	0.1
199.6	0.1
199.7	0.1
199.8	0.1
199.9	0.1
200.0	0.1
200.1	0.1
200.2	0.1
200.3	0.1
200.4	0.1
200.5	0.1
200.6	0.1
200.7	0.1
200.8	0.1
200.9	0.1
201.0	0.1
201.1	0.1
201.2	0.1
201.3	0.1
201.4	0.1
201.5	0.1
201.6	0.1
201.7	0.1
201.8	0.1
201.9	0.1
202.0	0.1
202.1	0.1
202.2	0.1
202.3	0.1
202.4	0.1
202.5	0.1
202.6	0.1
202.7	0.1
202.8	0.1
202.9	0.1
203.0	0.1
203.1	0.1
203.2	0.1
203.3	0.1
203.4	0.1
203.5	0.1
203.6	0.1
203.7	0.1
203.8	0.1
203.9	0.1
204.0	0.1
204.1	0.1
204.2	0.1
204.3	0.1
204.4	0.1
204.5	0.1
204.6	0.1
204.7	0.1
204.8	0.1
204.9	0.1
205.0	0.1
205.1	0.1
205.2	0.1
205.3	0.1
205.4	0.1
205.5	0.1
205.6	0.1
205.7	0.1
205.8	0.1
205.9	0.1
206.0	0.1
206.1	0.1
206.2	0.1
206.3	0.1
206.4	0.1
206.5	0.1
206.6	0.1
206.7	0.1
206.8	0.1
206.9	0.1
207.0	0.1
207.1	0.1
207.2	0.1
207.3	0.1
207.4	0.1
207.5	0.1
207.6	0.1
207.7	0.1
207.8	0.1
207.9	0.1
208.0	0.1
208.1	0.1
208.2	0.1
208.3	0.1
208.4	0.1
208.5	0.1
208.6	0.1
208.7	0.1
208.8	0.1
208.9	0.1
209.0	0.1
209.1	0.1
209.2	0.1
209.3	0.1
209.4	0.1
209.5	0.1
209.6	0.1
209.7	0.1
209.8	0.1
209.9	0.1
210.0	0.1
210.1	0.1
210.2	0.1
210.3	0.1
210.4	0.1
210.5	0.1
210.6	0.1
210.7	0.1
210.8	0.1
210.9	0.1
211.0	0.1
211.1	0.1
211.2	0.1
211.3	0.1
211.4	0.1
211.5	0.1
211.6	0.1
211.7	0.1
211.8	0.1
211.9	0.1
212.0	0.1
212.1	0.1
212.2	0.1
212.3	0.1
212.4	0.1
212.5	0.1
212.6	0.1
212.7	0.1
212.8	0.1
212.9	0.1
213.0	0.1
213.1	0.1
213.2	0.1
213.3	0.1
213.4	0.1
213.5	0.1
213.6	0.1
213.7	0.1
213.8	0.1
213.9	0.1
214.0	0.1
214.1	0.1
214.2	0.1
214.3	0.1
214.4	0.1
214.5	0.1
214.6	0.1
214.7	0.1
214.8	0.1
214.9	0.1
215.0	0.1
215.1	0.1
215.2	0.1
215.3	0.1
215.4	0.1
215.5	0.1
215.6	0.1
215.7	0.1
215.8	0.1
215.9	0.1
216.0	0.1
216.1	0.1
216.2	0.1
216.3	0.1
216.4	0.1
216.5	0.1
216.6	0.1
216.7	0.1
216.8	0.1
216.9	0.1
217.0	0.1
217.1	0.1
217.2	0.1
217.3	0.1
217.4	0.1
217.5	0.1
217.6	0.1
217.7	0.1
217.8	0.1
217.9	0.1
218.0	0.1
218.1	0.1
218.2	0.1
218.3	0.1
218.4	0.1
218.5	0.1
218.6	0.1
218.7	0.1
218.8	0.1
218.9	0.1
219.0	0.1
219.1	0.1
219.2	0.1
219.3	0.1
219.4	0.1
219.5	0.1
219.6	0.1
219.7	0.1
219.8	0.1
219.9	0.1
220.0	0.1
220.1	0.1
220.2	0.1
220.3	0.1
220.4	0.1
220.5	0.1
220.6	0.1
220.7	0.1
220.8	0.1
220.9	0.1
221.0	0.1
221.1	0.1
221.2	0.1
221.3	0.1
221.4	0.1
221.5	0.1
221.6	0.1
221.7	0.1
221.8	0.1
221.9	0.1
222.0	0.1
222.1	0.1
222.2	0.1
222.3	0.1
222.4	0.1
222.5	0.1
222.6	0.1
222.7	0.1
222.8	0.1
222.9	0.1
223.0	0.1
223.1	0.1
223.2	0.1
223.3	0.1
223.4	0.1
223.5	0.1
223.6	0.1
223.7	0.1
223.8	0.1
223.9	0.1
224.0	0.1
224.1	0.1
224.2	0.1
224.3	0.1
224.4	0.1
224.5	0.1
224.6	0.1
224.7	0.1
224.8	0.1
224.9	0.1
225.0	0.1
225.1	0.1
225.2	0.1
225.3	0.1
225.4	0.1
225.5	0.1
225.6	0.1
225.7	0.1
225.8	0.1
225.9	0.1
226.0	0.1
226.1	0.1
226.2	0.1
226.3	0.1
226.4	0.1
226.5	0.1
226.6	0.1
226.7	0.1
226.8	0.1
226.9	0.1
227.0	0.1
227.1	0.1
227.2	0.1
227.3	0.1
227.4	0.1
227.5	0.1
227.6	0.1
227.7	0.1
227.8	0.1
227.9	0.1
228.0	0.1
228.1	0.1
228.2	0.1
228.3	0.1
228.4	0.1
228.5	0.1
228.6	0.1
228.7	0.1
228.8	0.1
228.9	0.1
229.0	0.1
229.1	0.1
229.2	0.1
229.3	0.1
229.4	0.1
229.5	0.1
229.6	0.1
229.7	0.1
229.8	0.1
229.9	0.1
230.0	0.1
230.1	0.1
230.2	0.1
230.3	0.1
230.4	0.1
230.5	0.1
230.6	0.1
230.7	0.1
230.8	0.1
230.9	0.1
231.0	0.1
231.1	0.1
231.2	0.1
231.3	0.1
231.4	0.1
231.5	0.1
231.6	0.1
231.7	0.1
231.8	0.1
231.9	0.1
232.0	0.1
232.1	0.1
232.2	0.1
232.3	0.1
232.4	0.1
232.5	0.1
232.6	0.1
232.7	0.1
232.8	0.1
232.9	0.1
233.0	0.1
233.1	0.1
233.2	0.1
233.3	0.1
233.4	0.1
233.5	0.1
233.6	0.1
233.7	0.1
233.8	0.1
233.9	0.1
234.0	0.1
234.1	0.1
234.2	0.1
234.3	0.1
234.4	0.1
234.5	0.1
234.6	0.1
234.7	0.1
234.8	0.1
234.9	0.1
235.0	0.1
235.1	0.1
235.2	0.1
235.3	0.1
235.4	0.1
235.5	0.1
235.6	0.1
235.7	0.1
235.8	0.1
235.9	0.1
236.0	0.1
236.1	0.1
236.2	0.1
236.3	0.1
236.4	0.1
236.5	0.1
236.6	0.1
236.7	0.1
236.8	0.1
236.9	0.1
237.0	0.1
237.1	0.1
237.2	0.1
237.3	0.1
237.4	0.1
237.5	0.1
237.6	0.1
237.7	0.1
237.8	0.1
237.9	0.1
238.0	0.1
238.1	0.1
238.2	0.1
238.3	0.1
238.4	0.1
238.5	0.1
238.6	0.1
238.7	0.1
238.8	0.1
238.9	0.1
239.0	0.1
239.1	0.1
239.2	0.1
239.3	0.1
239.4	0.1
239.5	0.1
239.6	0.1
239.7	0.1
239.8	0.1
239.9	0.1
240.0	0.1
240.1	0.1
240.2	0.1
240.3	0.1
240.4	0.1
240.5	0.1
240.6	0.1
240.7	0.1
240.8	0.1
240.9	0.1
241.0	0.1
241.1	0.1
241.2	0.1
241.3	0.1
241.4	0.1
241.5	0.1
241.6	0.1
241.7	0.1
241.8	0.1
241.9	0.1
242.0	0.1
242.1	0.1
242.2	0.1
242.3	0.1
242.4	0.1
242.5	0.1
242.6	0.1
242.7	0.1
242.8	0.1
242.9	0.1
243.0	0.1
243.1	0.1
243.2	0.1
243.3	0.1
243.4	0.1
243.5	0.1
243.6	0.1
243.7	0.1
243.8	0.1
243.9	0.1
244.0	0.1
244.1	0.1
244.2	0.1
244.3	0.1
244.4	0.1
244.5	0.1
244.6	0.1
244.7	0.1
244.8	0.1
244.9	0.1
245.0	0.1
245.1	0.1
245.2	0.1
245.3	0.1
245.4	0.1
245.5	0.1
245.6	0.1
245.7	0.1
245.8	0.1
245.9	0.1
246.0	0.1
246.1	0.1
246.2	0.1
246.3	0.1
246.4	0.1
246.5	0.1
246.6	0.1
246.7	0.1
246.8	0.1
246.9	0.1
247.0	0.1
247.1	0.1
247.2	0.1
247.3	0.1
247.4	0.1
247.5	0.1
247.6	0.1
247.7	0.1
247.8	0.1
247.9	0.1
248.0	0.1
248.1	0.1
248.2	0.1
248.3	0.1
248.4	0.1
248.5	0.1
248.6	0.1
248.7	0.1
248.8	0.1
248.9	0.1
249.0	0.1
249.1	0.1
249.2	0.1
249.3	0.1
249.4	0.1
249.5	0.1
249.6	0.1
249.7	0.1
249.8	0.1
249.9	0.1
250.0	0.1
250.1	0.1
250.2	0.1
250.3	0.1
250.4	0.1
250.5	0.1
250.6	0.1
250.7	0.1
250.8	0.1
250.9	0.1
251.0	0.1
251.1	0.1
251.2	0.1
251.3	0.1
251.4	0.1
251.5	0.1
251.6	0.1
251.7	0.1
251.8	0.1
251.9	0.1
252.0	0.1
252.1	0.1
252.2	0.1
252.3	0.1
252.4	0.1
252.5	0.1
252.6	0.1
252.7	0.1
252.8	0.1
252.9	0.1
253.0	0.1
253.1	0.1
253.2	0.1
253.3	0.1
253.4	0.1
253.5	0.1
253.6	0.1
253.7	0.1
253.8	0.1
253.9	0.1
254.0	0.1
254.1	0.1
254.2	0.1
254.3	0.1
254.4	0.1
254.5	0.1
254.6	0.1
254.7	0.1
254.8	0.1
254.9	0.1
255.0	0.1
255.1	0.1
255.2	0.1
255.3	0.1
255.4	0.1
255.5	0.1
255.6	0.1
255.7	0.1
255.8	0.1
255.9	0.1
256.0	0.1
256.1	0.1
256.2	0.1
256.3	0.1
256.4	0.1
256.5	0.1
256.6	0.1
256.7	0.1
256.8	0.1
256.9	0.1
257.0	0.1
257.1	0.1
257.2	0.1
257.3	0.1
257.4	0.1
257.5	0.1
257.6	0.1
257.7	0.1
257.8	0.1
257.9	0.1
258.0	0.1
258.1	0.1
258.2	0.1
258.3	0.1
258.4	0.1
258.5	0.1
258.6	0.1
258.7	0.1
258.8	0.1
258.9	0.1
259.0	0.1
259.1	0.1
259.2	0.1
259.3	0.1
259.4	0.1
259.5	0.1
259.6	0.1
259.7	0.1
259.8	0.1
259.9	0.1
260.0	0.1
260.1	0.1
260.2	0.1
260.3	0.1
260.4	0.1
260.5	0.1
260.6	0.1
260.7	0.1
260.8	0.1
260.9	0.1
261.0	0.1
261.1	0.1
261.2	0.1
261.3	0.1
261.4	0.1
261.5	0.1
261.6	0.1
261.7	0.1
261.8	0.1
261.9	0.1
262.0	0.1
262.1	0.1
262.2	0.1
262.3	0.1
262.4	0.1
262.5	0.1
262.6	0.1
262.7	0.1
262.8	0.1
262.9	0.1
263.0	0.1
263.1	0.1
263.2	0.1
263.3	0.1
263.4	0.1
263.5	0.1
263.6	0.1
263.7	0.1
263.8	0.1
263.9	0.1
264.0	0.1
264.1	0.1
264.2	0.1
264.3	0.1
264.4	0.1
264.5	0.1
264.6	0.1
264.7	0.1
264.8	0.1
264.9	0.1
265.0	0.1
265.1	0.1
265.2	0.1
265.3	0.1
265.4	0.1
265.5	0.1
265.6	0.1
265.7	0.1
265.8	0.1
265.9	0.1
266.0	0.1
266.1	0.1
266.2	0.1
266.3	0.1
266.4	0.1
266.5	0.1
266.6	0.1
266.7	0.1
266.8	0.1
266.9	0.1
267.0	0.1
267.1	0.1
267.2	0.1
267.3	0.1
267.4	0.1
267.5	0.1
267.6	0.1
267.7	0.1
267.8	0.1
267.9	0.1
268.0	0.1
268.1	0.1
268.2	0.1
268.3	0.1
268.4	0.1
268.5	0.1
268.6	0.1
268.7	0.1
268.8	0.1
268.9	0.1
269.0	0.1
269.1	0.1
269.2	0.1
269.3	0.1
269.4	0.1
269.5	0.1
269.6	0.1
269.7	0.1
269.8	0.1
269.9	0.1
270.0	0.1
270.1	0.1
270.2	0.1
270.3	0.1
270.4	0.1
270.5	0.1
270.6	0.1
270.7	0.1
270.8	0.1
270.9	0.1
271.0	0.1
271.1	0.1
271.2	0.1
271.3	0.1
271.4	0.1
271.5	0.1
271.6	0.1
271.7	0.1
271.8	0.1
271.9	0.1
272.0	0.1
272.1	0.1
272.2	0.1
272.3	0.1
272.4	0.1
272.5	0.1
272.6	0.1
272.7	0.1
272.8	0.1
272.9	0.1
273.0	0.1
273.1	0.1
273.2	0.1
273.3	0.1
273.4	0.1
273.5	0.1
273.6	0.1
273.7	0.1
273.8	0.1
273.9	0.1
274.0	0.1
274.1	0.1
274.2	0.1
274.3	0.1
274.4	0.1
274.5	0.1
274.6	0.1
274.7	0.1
274.8	0.1
274.9	0.1
275.0	0.1
275.1	0.1
275.2	0.1
275.3	0.1
275.4	0.1
275.5	0.1
275.6	0.1
275.7	0.1
275.8	0.1
275.9	0.1
276.0	0.1
276.1	0.1
276.2	0.1
276.3	0.1
276.4	0.1
276.5	0.1
276.6	0.1
276.7	0.1
276.8	0.1
276.9	0.1
277.0	0.1
277.1	0.1
277.2	0.1
277.3	0.1
277.4	0.1
277.5	0.1
277.6	0.1
277.7	0.1
277.8	0.1
277.9	0.1
278.0	0.1
278.1	0.1
278.2	0.1
278.3	0.1
278.4	0.1
278.5	0.1
278.6	0.1
278.7	0.1
278.8	0.1
278.9	0.1
279.0	0.1
279.1	0.1
279.2	0.1
279.3	0.1
279.4	0.1
279.5	0.1
279.6	0.1
279.7	0.1
279.8	0.1
279.9	0.1
280.0	0.1
280.1	0.1
280.2	0.1
280.3	0.1
280.4	0.1
280.5	0.1
280.6	0.1
280.7	0.1
280.8	0.1
280.9	0.1
281.0	0.1
281.1	0.1
281.2	0.1
281.3	0.1
281.4	0.1
281.5	0.1
281.6	0.1
281.7	0.1
281.8	0.1
281.9	0.1
282.0	0.1
282.1	0.1
282.2	0.1
282.3	0.1
282.4	0.1
282.5	0.1
282.6	0.1
282.7	0.1
282.8	0.1
282.9	0.1
283.0	0.1
283.1	0.1
283.2	0.1
283.3	0.1
283.4	0.1
283.5	0.1
283.6	0.1
283.7	0.1
283.8	0.1
283.9	0.1
284.0	0.1
284.1	0.1
284.2	0.1
284.3	0.1
284.4	0.1
284.5	0.1
284.6	0.1
284.7	0.1
284.8	0.1
284.9	0.1
285.0	0.1
285.1	0.1
285.2	0.1
285.3	0.1
285.4	0.1
285.5	0.1
285.6	0.1
285.7	0.1
285.8	0.1
285.9	0.1
286.0	0.1
286.1	0.1
286.2	0.1
286.3	0.1
286.4	0.1
286.5	0.1
286.6	0.1
286.7	0.1
286.8	0.1
286.9	0.1
287.0	0.1
287.1	0.1
287.2	0.1
287.3	0.1
287.4	0.1
287.5	0.1
287.6	0.1
287.7	0.1
287.8	0.1
287.9	0.1
288.0	0.1
288.1	0.1
288.2	0.1
288.3	0.1
288.4	0.1
288.5	0.1
288.6	0.1
288.7	0.1
288.8	0.1
288.9	0.1
289.0	0.1
289.1	0.1
289.2	0.1
289.3	0.1
289.4	0.1
289.5	0.1
289.6	0.1
289.7	0.1
289.8	0.1
289.9	0.1
290.0	0.1
290.1	0.1
290.2	0.1
290.3	0.1
290.4	0.1
290.5	0.1
290.6	0.1
290.7	0.1
290.8	0.1
290.9	0.1
291.0	0.1
291.1	0.1
291.2	0.1
291.3	0.1
291.4	0.1
291.5	0.1
291.6	0.1
291.7	0.1
291.8	0.1
291.9	0.1
292.0	0.1
292.1	0.1
292.2	0.1
292.3	0.1
292.4	0.1
292.5	0.1
292.6	0.1
292.7	0.1
292.8	0.1
292.9	0.1
293.0	0.1
293.1	0.1
293.2	0.1
293.3	0.1
293.4	0.1
293.5	0.1
293.6	0.1
293.7	0.1
293.8	0.1
293.9	0.1
294.0	0.1
294.1	0.1
294.2	0.1
294.3	0.1
294.4	0.1
294.5	0.1
294.6	0.1
294.7	0.1
294.8	0.1
294.9	0.1
295.0	0.1
295.1	0.1
295.2	0.1
295.3	0.1
295.4	0.1
295.5	0.1
295.6	0.1
295.7	0.1
295.8	0.1
295.9	0.1
296.0	0.1
296.1	0.1
296.2	0.1
296.3	0.1
296.4	0.1
296.5	0.1
296.6	0.1
296.7	0.1
296.8	0.1
296.9	0.1
297.0	0.1
297.1	0.1
297.2	0.1
297.3	0.1
297.4	0.1
297.5	0.1
297.6	0.1
297.7	0.1
297.8	0.1
297.9	0.1
298.0	0.1
298.1	0.1
298.2	0.1
298.3	0.1
298.4	0.1
298.5	0.1
298.6	0.1
298.7	0.1
298.8	0.1
298.9	0.1
299.0	0.1
299.1	0.1
299.2	0.1
299.3	0.1
299.4	0.1
299.5	0.1
299.6	0.1
299.7	0.1
299.8	0.1
299.9	0.1
