.200	.200
.400	.200
.600	.200
.800	.200
1.000	.200
1.200	.200
1.400	.200
1.600	.200
1.800	.200
2.000	.200
2.200	.200
2.400	.200
2.600	.200
2.800	.200
3.000	.200
3.200	.200
3.400	.200
3.600	.200
3.800	.200
4.000	.200
4.200	.200
4.400	.200
4.600	.200
4.800	.200
5.000	.200
5.200	.200
5.400	.200
5.600	.200
5.800	.200
6.000	.200
6.200	.200
6.400	.200
6.600	.200
6.800	.200
7.000	.200
7.200	.200
7.400	.200
7.600	.200
7.800	.200
8.000	.200
8.200	.200
8.400	.200
8.600	.200
8.800	.200
9.000	.200
9.200	.200
9.400	.200
9.600	.200
9.800	.200
10.000	.200
10.200	.200
10.400	.200
10.600	.200
10.800	.200
11.000	.200
11.200	.200
11.400	.200
11.600	.200
11.800	.200
12.000	.200
12.200	.200
12.400	.200
12.600	.200
12.800	.200
13.000	.200
13.200	.200
13.400	.200
13.600	.200
13.800	.200
14.000	.200
14.200	.200
14.400	.200
14.600	.200
14.800	.200
15.000	.200
15.200	.200
15.400	.200
15.600	.200
15.800	.200
16.000	.200
16.200	.200
16.400	.200
16.600	.200
16.800	.200
17.000	.200
17.200	.200
17.400	.200
17.600	.200
17.800	.200
18.000	.200
18.200	.200
18.400	.200
18.600	.200
18.800	.200
19.000	.200
19.200	.200
19.400	.200
19.600	.200
19.800	.200
20.000	.200
20.200	.200
20.400	.200
20.600	.200
20.800	.200
21.000	.200
21.200	.200
21.400	.200
21.600	.200
21.800	.200
22.000	.200
22.200	.200
22.400	.200
22.600	.200
22.800	.200
23.000	.200
23.200	.200
23.400	.200
23.600	.200
23.800	.200
24.000	.200
24.200	.200
24.400	.200
24.600	.200
24.800	.200
25.000	.200
25.200	.200
25.400	.200
25.600	.200
25.800	.200
26.000	.200
26.200	.200
26.400	.200
26.600	.200
26.800	.200
27.000	.200
27.200	.200
27.400	.200
27.600	.200
27.800	.200
28.000	.200
28.200	.200
28.400	.200
28.600	.200
28.800	.200
29.000	.200
29.200	.200
29.400	.200
29.600	.200
29.800	.200
30.000	.200
30.200	.200
30.400	.200
30.600	.200
30.800	.200
31.000	.200
31.200	.200
31.400	.200
31.600	.200
31.800	.200
32.000	.200
32.200	.200
32.400	.200
32.600	.200
32.800	.200
33.000	.200
33.200	.200
33.400	.200
33.600	.200
33.800	.200
34.000	.200
34.200	.200
34.400	.200
34.600	.200
34.800	.200
35.000	.200
35.200	.200
35.400	.200
35.600	.200
35.800	.200
36.000	.200
36.200	.200
36.400	.200
36.600	.200
36.800	.200
37.000	.200
37.200	.200
37.400	.200
37.600	.200
37.800	.200
38.000	.200
38.200	.200
38.400	.200
38.600	.200
38.800	.200
39.000	.200
39.200	.200
39.400	.200
39.600	.200
39.800	.200
40.000	.200
40.200	.200
40.400	.200
40.600	.200
40.800	.200
41.000	.200
41.200	.200
41.400	.200
41.600	.200
41.800	.200
42.000	.200
42.200	.200
42.400	.200
42.600	.200
42.800	.200
43.000	.200
43.200	.200
43.400	.200
43.600	.200
43.800	.200
44.000	.200
44.200	.200
44.400	.200
44.600	.200
44.800	.200
45.000	.200
45.200	.200
45.400	.200
45.600	.200
45.800	.200
46.000	.200
46.200	.200
46.400	.200
46.600	.200
46.800	.200
47.000	.200
47.200	.200
47.400	.200
47.600	.200
47.800	.200
48.000	.200
48.200	.200
48.400	.200
48.600	.200
48.800	.200
49.000	.200
49.200	.200
49.400	.200
49.600	.200
49.800	.200
50.000	.200
50.200	.200
50.400	.200
50.600	.200
50.800	.200
51.000	.200
51.200	.200
51.400	.200
51.600	.200
51.800	.200
52.000	.200
52.200	.200
52.400	.200
52.600	.200
52.800	.200
53.000	.200
53.200	.200
53.400	.200
53.600	.200
53.800	.200
54.000	.200
54.200	.200
54.400	.200
54.600	.200
54.800	.200
55.000	.200
55.200	.200
55.400	.200
55.600	.200
55.800	.200
56.000	.200
56.200	.200
56.400	.200
56.600	.200
56.800	.200
57.000	.200
57.200	.200
57.400	.200
57.600	.200
57.800	.200
58.000	.200
58.200	.200
58.400	.200
58.600	.200
58.800	.200
59.000	.200
59.200	.200
59.400	.200
59.600	.200
59.800	.200
60.000	.200
60.200	.200
60.400	.200
60.600	.200
60.800	.200
61.000	.200
61.200	.200
61.400	.200
61.600	.200
61.800	.200
62.000	.200
62.200	.200
62.400	.200
62.600	.200
62.800	.200
63.000	.200
63.200	.200
63.400	.200
63.600	.200
63.800	.200
64.000	.200
64.200	.200
64.400	.200
64.600	.200
64.800	.200
65.000	.200
65.200	.200
65.400	.200
65.600	.200
65.800	.200
66.000	.200
66.200	.200
66.400	.200
66.600	.200
66.800	.200
67.000	.200
67.200	.200
67.400	.200
67.600	.200
67.800	.200
68.000	.200
68.200	.200
68.400	.200
68.600	.200
68.800	.200
69.000	.200
69.200	.200
69.400	.200
69.600	.200
69.800	.200
70.000	.200
70.200	.200
70.400	.200
70.600	.200
70.800	.200
71.000	.200
71.200	.200
71.400	.200
71.600	.200
71.800	.200
72.000	.200
72.200	.200
72.400	.200
72.600	.200
72.800	.200
73.000	.200
73.200	.200
73.400	.200
73.600	.200
73.800	.200
74.000	.200
74.200	.200
74.400	.200
74.600	.200
74.800	.200
75.000	.200
75.200	.200
75.400	.200
75.600	.200
75.800	.200
76.000	.200
76.200	.200
76.400	.200
76.600	.200
76.800	.200
77.000	.200
77.200	.200
77.400	.200
77.600	.200
77.800	.200
78.000	.200
78.200	.200
78.400	.200
78.600	.200
78.800	.200
79.000	.200
79.200	.200
79.400	.200
79.600	.200
79.800	.200
80.000	.200
80.200	.200
80.400	.200
80.600	.200
80.800	.200
81.000	.200
81.200	.200
81.400	.200
81.600	.200
81.800	.200
82.000	.200
82.200	.200
82.400	.200
82.600	.200
82.800	.200
83.000	.200
83.200	.200
83.400	.200
83.600	.200
83.800	.200
84.000	.200
84.200	.200
84.400	.200
84.600	.200
84.800	.200
85.000	.200
85.200	.200
85.400	.200
85.600	.200
85.800	.200
86.000	.200
86.200	.200
86.400	.200
86.600	.200
86.800	.200
87.000	.200
87.200	.200
87.400	.200
87.600	.200
87.800	.200
88.000	.200
88.200	.200
88.400	.200
88.600	.200
88.800	.200
89.000	.200
89.200	.200
89.400	.200
89.600	.200
89.800	.200
90.000	.200
90.200	.200
90.400	.200
90.600	.200
90.800	.200
91.000	.200
91.200	.200
91.400	.200
91.600	.200
91.800	.200
92.000	.200
92.200	.200
92.400	.200
92.600	.200
92.800	.200
93.000	.200
93.200	.200
93.400	.200
93.600	.200
93.800	.200
94.000	.200
94.200	.200
94.400	.200
94.600	.200
94.800	.200
95.000	.200
95.200	.200
95.400	.200
95.600	.200
95.800	.200
96.000	.200
96.200	.200
96.400	.200
96.600	.200
96.800	.200
97.000	.200
97.200	.200
97.400	.200
97.600	.200
97.800	.200
98.000	.200
98.200	.200
98.400	.200
98.600	.200
98.800	.200
99.000	.200
99.200	.200
99.400	.200
99.600	.200
99.800	.200
100.000	.200
100.200	.200
100.400	.200
100.600	.200
100.800	.200
101.000	.200
101.200	.200
101.400	.200
101.600	.200
101.800	.200
102.000	.200
102.200	.200
102.400	.200
102.600	.200
102.800	.200
103.000	.200
103.200	.200
103.400	.200
103.600	.200
103.800	.200
104.000	.200
104.200	.200
104.400	.200
104.600	.200
104.800	.200
105.000	.200
105.200	.200
105.400	.200
105.600	.200
105.800	.200
106.000	.200
106.200	.200
106.400	.200
106.600	.200
106.800	.200
107.000	.200
107.200	.200
107.400	.200
107.600	.200
107.800	.200
108.000	.200
108.200	.200
108.400	.200
108.600	.200
108.800	.200
109.000	.200
109.200	.200
109.400	.200
109.600	.200
109.800	.200
110.000	.200
110.200	.200
110.400	.200
110.600	.200
110.800	.200
111.000	.200
111.200	.200
111.400	.200
111.600	.200
111.800	.200
112.000	.200
112.200	.200
112.400	.200
112.600	.200
112.800	.200
113.000	.200
113.200	.200
113.400	.200
113.600	.200
113.800	.200
114.000	.200
114.200	.200
114.400	.200
114.600	.200
114.800	.200
115.000	.200
115.200	.200
115.400	.200
115.600	.200
115.800	.200
116.000	.200
116.200	.200
116.400	.200
116.600	.200
116.800	.200
117.000	.200
117.200	.200
117.400	.200
117.600	.200
117.800	.200
118.000	.200
118.200	.200
118.400	.200
118.600	.200
118.800	.200
119.000	.200
119.200	.200
119.400	.200
119.600	.200
119.800	.200
120.000	.200
120.200	.200
120.400	.200
120.600	.200
120.800	.200
121.000	.200
121.200	.200
121.400	.200
121.600	.200
121.800	.200
122.000	.200
122.200	.200
122.400	.200
122.600	.200
122.800	.200
123.000	.200
123.200	.200
123.400	.200
123.600	.200
123.800	.200
124.000	.200
124.200	.200
124.400	.200
124.600	.200
124.800	.200
125.000	.200
125.200	.200
125.400	.200
125.600	.200
125.800	.200
126.000	.200
126.200	.200
126.400	.200
126.600	.200
126.800	.200
127.000	.200
127.200	.200
127.400	.200
127.600	.200
127.800	.200
128.000	.200
128.200	.200
128.400	.200
128.600	.200
128.800	.200
129.000	.200
129.200	.200
129.400	.200
129.600	.200
129.800	.200
130.000	.200
130.200	.200
130.400	.200
130.600	.200
130.800	.200
131.000	.200
131.200	.200
131.400	.200
131.600	.200
131.800	.200
132.000	.200
132.200	.200
132.400	.200
132.600	.200
132.800	.200
133.000	.200
133.200	.200
133.400	.200
133.600	.200
133.800	.200
134.000	.200
134.200	.200
134.400	.200
134.600	.200
134.800	.200
135.000	.200
135.200	.200
135.400	.200
135.600	.200
135.800	.200
136.000	.200
136.200	.200
136.400	.200
136.600	.200
136.800	.200
137.000	.200
137.200	.200
137.400	.200
137.600	.200
137.800	.200
138.000	.200
138.200	.200
138.400	.200
138.600	.200
138.800	.200
139.000	.200
139.200	.200
139.400	.200
139.600	.200
139.800	.200
140.000	.200
140.200	.200
140.400	.200
140.600	.200
140.800	.200
141.000	.200
141.200	.200
141.400	.200
141.600	.200
141.800	.200
142.000	.200
142.200	.200
142.400	.200
142.600	.200
142.800	.200
143.000	.200
143.200	.200
143.400	.200
143.600	.200
143.800	.200
144.000	.200
144.200	.200
144.400	.200
144.600	.200
144.800	.200
145.000	.200
145.200	.200
145.400	.200
145.600	.200
145.800	.200
146.000	.200
146.200	.200
146.400	.200
146.600	.200
146.800	.200
147.000	.200
147.200	.200
147.400	.200
147.600	.200
147.800	.200
148.000	.200
148.200	.200
148.400	.200
148.600	.200
148.800	.200
149.000	.200
149.200	.200
149.400	.200
149.600	.200
149.800	.200
150.000	.200
150.200	.200
150.400	.200
150.600	.200
150.800	.200
151.000	.200
151.200	.200
151.400	.200
151.600	.200
151.800	.200
152.000	.200
152.200	.200
152.400	.200
152.600	.200
152.800	.200
153.000	.200
153.200	.200
153.400	.200
153.600	.200
153.800	.200
154.000	.200
154.200	.200
154.400	.200
154.600	.200
154.800	.200
155.000	.200
155.200	.200
155.400	.200
155.600	.200
155.800	.200
156.000	.200
156.200	.200
156.400	.200
156.600	.200
156.800	.200
157.000	.200
157.200	.200
157.400	.200
157.600	.200
157.800	.200
158.000	.200
158.200	.200
158.400	.200
158.600	.200
158.800	.200
159.000	.200
159.200	.200
159.400	.200
159.600	.200
159.800	.200
160.000	.200
160.200	.200
160.400	.200
160.600	.200
160.800	.200
161.000	.200
161.200	.200
161.400	.200
161.600	.200
161.800	.200
162.000	.200
162.200	.200
162.400	.200
162.600	.200
162.800	.200
163.000	.200
163.200	.200
163.400	.200
163.600	.200
163.800	.200
164.000	.200
164.200	.200
164.400	.200
164.600	.200
164.800	.200
165.000	.200
165.200	.200
165.400	.200
165.600	.200
165.800	.200
166.000	.200
166.200	.200
166.400	.200
166.600	.200
166.800	.200
167.000	.200
167.200	.200
167.400	.200
167.600	.200
167.800	.200
168.000	.200
168.200	.200
168.400	.200
168.600	.200
168.800	.200
169.000	.200
169.200	.200
169.400	.200
169.600	.200
169.800	.200
170.000	.200
170.200	.200
170.400	.200
170.600	.200
170.800	.200
171.000	.200
171.200	.200
171.400	.200
171.600	.200
171.800	.200
172.000	.200
172.200	.200
172.400	.200
172.600	.200
172.800	.200
173.000	.200
173.200	.200
173.400	.200
173.600	.200
173.800	.200
174.000	.200
174.200	.200
174.400	.200
174.600	.200
174.800	.200
175.000	.200
175.200	.200
175.400	.200
175.600	.200
175.800	.200
176.000	.200
176.200	.200
176.400	.200
176.600	.200
176.800	.200
177.000	.200
177.200	.200
177.400	.200
177.600	.200
177.800	.200
178.000	.200
178.200	.200
178.400	.200
178.600	.200
178.800	.200
179.000	.200
179.200	.200
179.400	.200
179.600	.200
179.800	.200
180.000	.200
180.200	.200
180.400	.200
180.600	.200
180.800	.200
181.000	.200
181.200	.200
181.400	.200
181.600	.200
181.800	.200
182.000	.200
182.200	.200
182.400	.200
182.600	.200
182.800	.200
183.000	.200
183.200	.200
183.400	.200
183.600	.200
183.800	.200
184.000	.200
184.200	.200
184.400	.200
184.600	.200
184.800	.200
185.000	.200
185.200	.200
185.400	.200
185.600	.200
185.800	.200
186.000	.200
186.200	.200
186.400	.200
186.600	.200
186.800	.200
187.000	.200
187.200	.200
187.400	.200
187.600	.200
187.800	.200
188.000	.200
188.200	.200
188.400	.200
188.600	.200
188.800	.200
189.000	.200
189.200	.200
189.400	.200
189.600	.200
189.800	.200
190.000	.200
190.200	.200
190.400	.200
190.600	.200
190.800	.200
191.000	.200
191.200	.200
191.400	.200
191.600	.200
191.800	.200
192.000	.200
192.200	.200
192.400	.200
192.600	.200
192.800	.200
193.000	.200
193.200	.200
193.400	.200
193.600	.200
193.800	.200
194.000	.200
194.200	.200
194.400	.200
194.600	.200
194.800	.200
195.000	.200
195.200	.200
195.400	.200
195.600	.200
195.800	.200
196.000	.200
196.200	.200
196.400	.200
196.600	.200
196.800	.200
197.000	.200
197.200	.200
197.400	.200
197.600	.200
197.800	.200
198.000	.200
198.200	.200
198.400	.200
198.600	.200
198.800	.200
199.000	.200
199.200	.200
199.400	.200
199.600	.200
199.800	.200
200.000	.200
200.200	.200
200.400	.200
200.600	.200
200.800	.200
201.000	.200
201.200	.200
201.400	.200
201.600	.200
201.800	.200
202.000	.200
202.200	.200
202.400	.200
202.600	.200
202.800	.200
203.000	.200
203.200	.200
203.400	.200
203.600	.200
203.800	.200
204.000	.200
204.200	.200
204.400	.200
204.600	.200
204.800	.200
205.000	.200
205.200	.200
205.400	.200
205.600	.200
205.800	.200
206.000	.200
206.200	.200
206.400	.200
206.600	.200
206.800	.200
207.000	.200
207.200	.200
207.400	.200
207.600	.200
207.800	.200
208.000	.200
208.200	.200
208.400	.200
208.600	.200
208.800	.200
209.000	.200
209.200	.200
209.400	.200
209.600	.200
209.800	.200
210.000	.200
210.200	.200
210.400	.200
210.600	.200
210.800	.200
211.000	.200
211.200	.200
211.400	.200
211.600	.200
211.800	.200
212.000	.200
212.200	.200
212.400	.200
212.600	.200
212.800	.200
213.000	.200
213.200	.200
213.400	.200
213.600	.200
213.800	.200
214.000	.200
214.200	.200
214.400	.200
214.600	.200
214.800	.200
215.000	.200
215.200	.200
215.400	.200
215.600	.200
215.800	.200
216.000	.200
216.200	.200
216.400	.200
216.600	.200
216.800	.200
217.000	.200
217.200	.200
217.400	.200
217.600	.200
217.800	.200
218.000	.200
218.200	.200
218.400	.200
218.600	.200
218.800	.200
219.000	.200
219.200	.200
219.400	.200
219.600	.200
219.800	.200
220.000	.200
220.200	.200
220.400	.200
220.600	.200
220.800	.200
221.000	.200
221.200	.200
221.400	.200
221.600	.200
221.800	.200
222.000	.200
222.200	.200
222.400	.200
222.600	.200
222.800	.200
223.000	.200
223.200	.200
223.400	.200
223.600	.200
223.800	.200
224.000	.200
224.200	.200
224.400	.200
224.600	.200
224.800	.200
225.000	.200
225.200	.200
225.400	.200
225.600	.200
225.800	.200
226.000	.200
226.200	.200
226.400	.200
226.600	.200
226.800	.200
227.000	.200
227.200	.200
227.400	.200
227.600	.200
227.800	.200
228.000	.200
228.200	.200
228.400	.200
228.600	.200
228.800	.200
229.000	.200
229.200	.200
229.400	.200
229.600	.200
229.800	.200
230.000	.200
230.200	.200
230.400	.200
230.600	.200
230.800	.200
231.000	.200
231.200	.200
231.400	.200
231.600	.200
231.800	.200
232.000	.200
232.200	.200
232.400	.200
232.600	.200
232.800	.200
233.000	.200
233.200	.200
233.400	.200
233.600	.200
233.800	.200
234.000	.200
234.200	.200
234.400	.200
234.600	.200
234.800	.200
235.000	.200
235.200	.200
235.400	.200
235.600	.200
235.800	.200
236.000	.200
236.200	.200
236.400	.200
236.600	.200
236.800	.200
237.000	.200
237.200	.200
237.400	.200
237.600	.200
237.800	.200
238.000	.200
238.200	.200
238.400	.200
238.600	.200
238.800	.200
239.000	.200
239.200	.200
239.400	.200
239.600	.200
239.800	.200
240.000	.200
240.200	.200
240.400	.200
240.600	.200
240.800	.200
241.000	.200
241.200	.200
241.400	.200
241.600	.200
241.800	.200
242.000	.200
242.200	.200
242.400	.200
242.600	.200
242.800	.200
243.000	.200
243.200	.200
243.400	.200
243.600	.200
243.800	.200
244.000	.200
244.200	.200
244.400	.200
244.600	.200
244.800	.200
245.000	.200
245.200	.200
245.400	.200
245.600	.200
245.800	.200
246.000	.200
246.200	.200
246.400	.200
246.600	.200
246.800	.200
247.000	.200
247.200	.200
247.400	.200
247.600	.200
247.800	.200
248.000	.200
248.200	.200
248.400	.200
248.600	.200
248.800	.200
249.000	.200
249.200	.200
249.400	.200
249.600	.200
249.800	.200
250.000	.200
250.200	.200
250.400	.200
250.600	.200
250.800	.200
251.000	.200
251.200	.200
251.400	.200
251.600	.200
251.800	.200
252.000	.200
252.200	.200
252.400	.200
252.600	.200
252.800	.200
253.000	.200
253.200	.200
253.400	.200
253.600	.200
253.800	.200
254.000	.200
254.200	.200
254.400	.200
254.600	.200
254.800	.200
255.000	.200
255.200	.200
255.400	.200
255.600	.200
255.800	.200
256.000	.200
256.200	.200
256.400	.200
256.600	.200
256.800	.200
257.000	.200
257.200	.200
257.400	.200
257.600	.200
257.800	.200
258.000	.200
258.200	.200
258.400	.200
258.600	.200
258.800	.200
259.000	.200
259.200	.200
259.400	.200
259.600	.200
259.800	.200
260.000	.200
260.200	.200
260.400	.200
260.600	.200
260.800	.200
261.000	.200
261.200	.200
261.400	.200
261.600	.200
261.800	.200
262.000	.200
262.200	.200
262.400	.200
262.600	.200
262.800	.200
263.000	.200
263.200	.200
263.400	.200
263.600	.200
263.800	.200
264.000	.200
264.200	.200
264.400	.200
264.600	.200
264.800	.200
265.000	.200
265.200	.200
265.400	.200
265.600	.200
265.800	.200
266.000	.200
266.200	.200
266.400	.200
266.600	.200
266.800	.200
267.000	.200
267.200	.200
267.400	.200
267.600	.200
267.800	.200
268.000	.200
268.200	.200
268.400	.200
268.600	.200
268.800	.200
269.000	.200
269.200	.200
269.400	.200
269.600	.200
269.800	.200
270.000	.200
270.200	.200
270.400	.200
270.600	.200
270.800	.200
271.000	.200
271.200	.200
271.400	.200
271.600	.200
271.800	.200
272.000	.200
272.200	.200
272.400	.200
272.600	.200
272.800	.200
273.000	.200
273.200	.200
273.400	.200
273.600	.200
273.800	.200
274.000	.200
274.200	.200
274.400	.200
274.600	.200
274.800	.200
275.000	.200
275.200	.200
275.400	.200
275.600	.200
275.800	.200
276.000	.200
276.200	.200
276.400	.200
276.600	.200
276.800	.200
277.000	.200
277.200	.200
277.400	.200
277.600	.200
277.800	.200
278.000	.200
278.200	.200
278.400	.200
278.600	.200
278.800	.200
279.000	.200
279.200	.200
279.400	.200
279.600	.200
279.800	.200
280.000	.200
280.200	.200
280.400	.200
280.600	.200
280.800	.200
281.000	.200
281.200	.200
281.400	.200
281.600	.200
281.800	.200
282.000	.200
282.200	.200
282.400	.200
282.600	.200
282.800	.200
283.000	.200
283.200	.200
283.400	.200
283.600	.200
283.800	.200
284.000	.200
284.200	.200
284.400	.200
284.600	.200
284.800	.200
285.000	.200
285.200	.200
285.400	.200
285.600	.200
285.800	.200
286.000	.200
286.200	.200
286.400	.200
286.600	.200
286.800	.200
287.000	.200
287.200	.200
287.400	.200
287.600	.200
287.800	.200
288.000	.200
288.200	.200
288.400	.200
288.600	.200
288.800	.200
289.000	.200
289.200	.200
289.400	.200
289.600	.200
289.800	.200
290.000	.200
290.200	.200
290.400	.200
290.600	.200
290.800	.200
291.000	.200
291.200	.200
291.400	.200
291.600	.200
291.800	.200
292.000	.200
292.200	.200
292.400	.200
292.600	.200
292.800	.200
293.000	.200
293.200	.200
293.400	.200
293.600	.200
293.800	.200
294.000	.200
294.200	.200
294.400	.200
294.600	.200
294.800	.200
295.000	.200
295.200	.200
295.400	.200
295.600	.200
295.800	.200
296.000	.200
296.200	.200
296.400	.200
296.600	.200
296.800	.200
297.000	.200
297.200	.200
297.400	.200
297.600	.200
297.800	.200
298.000	.200
298.200	.200
298.400	.200
298.600	.200
298.800	.200
299.000	.200
299.200	.200
299.400	.200
299.600	.200
299.800	.200
300.000	.200
