0	0.2
.2	0.2
.4	0.2
.6	0.2
.8	0.2
1.0	0.2
1.2	0.2
1.4	0.2
1.6	0.2
1.8	0.2
2.0	0.2
2.2	0.2
2.4	0.2
2.6	0.2
2.8	0.2
3.0	0.2
3.2	0.2
3.4	0.2
3.6	0.2
3.8	0.2
4.0	0.2
4.2	0.2
4.4	0.2
4.6	0.2
4.8	0.2
5.0	0.2
5.2	0.2
5.4	0.2
5.6	0.2
5.8	0.2
6.0	0.2
6.2	0.2
6.4	0.2
6.6	0.2
6.8	0.2
7.0	0.2
7.2	0.2
7.4	0.2
7.6	0.2
7.8	0.2
8.0	0.2
8.2	0.2
8.4	0.2
8.6	0.2
8.8	0.2
9.0	0.2
9.2	0.2
9.4	0.2
9.6	0.2
9.8	0.2
10.0	0.2
10.2	0.2
10.4	0.2
10.6	0.2
10.8	0.2
11.0	0.2
11.2	0.2
11.4	0.2
11.6	0.2
11.8	0.2
12.0	0.2
12.2	0.2
12.4	0.2
12.6	0.2
12.8	0.2
13.0	0.2
13.2	0.2
13.4	0.2
13.6	0.2
13.8	0.2
14.0	0.2
14.2	0.2
14.4	0.2
14.6	0.2
14.8	0.2
15.0	0.2
15.2	0.2
15.4	0.2
15.6	0.2
15.8	0.2
16.0	0.2
16.2	0.2
16.4	0.2
16.6	0.2
16.8	0.2
17.0	0.2
17.2	0.2
17.4	0.2
17.6	0.2
17.8	0.2
18.0	0.2
18.2	0.2
18.4	0.2
18.6	0.2
18.8	0.2
19.0	0.2
19.2	0.2
19.4	0.2
19.6	0.2
19.8	0.2
20.0	0.2
20.2	0.2
20.4	0.2
20.6	0.2
20.8	0.2
21.0	0.2
21.2	0.2
21.4	0.2
21.6	0.2
21.8	0.2
22.0	0.2
22.2	0.2
22.4	0.2
22.6	0.2
22.8	0.2
23.0	0.2
23.2	0.2
23.4	0.2
23.6	0.2
23.8	0.2
24.0	0.2
24.2	0.2
24.4	0.2
24.6	0.2
24.8	0.2
25.0	0.2
25.2	0.2
25.4	0.2
25.6	0.2
25.8	0.2
26.0	0.2
26.2	0.2
26.4	0.2
26.6	0.2
26.8	0.2
27.0	0.2
27.2	0.2
27.4	0.2
27.6	0.2
27.8	0.2
28.0	0.2
28.2	0.2
28.4	0.2
28.6	0.2
28.8	0.2
29.0	0.2
29.2	0.2
29.4	0.2
29.6	0.2
29.8	0.2
30.0	0.2
30.2	0.2
30.4	0.2
30.6	0.2
30.8	0.2
31.0	0.2
31.2	0.2
31.4	0.2
31.6	0.2
31.8	0.2
32.0	0.2
32.2	0.2
32.4	0.2
32.6	0.2
32.8	0.2
33.0	0.2
33.2	0.2
33.4	0.2
33.6	0.2
33.8	0.2
34.0	0.2
34.2	0.2
34.4	0.2
34.6	0.2
34.8	0.2
35.0	0.2
35.2	0.2
35.4	0.2
35.6	0.2
35.8	0.2
36.0	0.2
36.2	0.2
36.4	0.2
36.6	0.2
36.8	0.2
37.0	0.2
37.2	0.2
37.4	0.2
37.6	0.2
37.8	0.2
38.0	0.2
38.2	0.2
38.4	0.2
38.6	0.2
38.8	0.2
39.0	0.2
39.2	0.2
39.4	0.2
39.6	0.2
39.8	0.2
40.0	0.2
40.2	0.2
40.4	0.2
40.6	0.2
40.8	0.2
41.0	0.2
41.2	0.2
41.4	0.2
41.6	0.2
41.8	0.2
42.0	0.2
42.2	0.2
42.4	0.2
42.6	0.2
42.8	0.2
43.0	0.2
43.2	0.2
43.4	0.2
43.6	0.2
43.8	0.2
44.0	0.2
44.2	0.2
44.4	0.2
44.6	0.2
44.8	0.2
45.0	0.2
45.2	0.2
45.4	0.2
45.6	0.2
45.8	0.2
46.0	0.2
46.2	0.2
46.4	0.2
46.6	0.2
46.8	0.2
47.0	0.2
47.2	0.2
47.4	0.2
47.6	0.2
47.8	0.2
48.0	0.2
48.2	0.2
48.4	0.2
48.6	0.2
48.8	0.2
49.0	0.2
49.2	0.2
49.4	0.2
49.6	0.2
49.8	0.2
50.0	0.2
50.2	0.2
50.4	0.2
50.6	0.2
50.8	0.2
51.0	0.2
51.2	0.2
51.4	0.2
51.6	0.2
51.8	0.2
52.0	0.2
52.2	0.2
52.4	0.2
52.6	0.2
52.8	0.2
53.0	0.2
53.2	0.2
53.4	0.2
53.6	0.2
53.8	0.2
54.0	0.2
54.2	0.2
54.4	0.2
54.6	0.2
54.8	0.2
55.0	0.2
55.2	0.2
55.4	0.2
55.6	0.2
55.8	0.2
56.0	0.2
56.2	0.2
56.4	0.2
56.6	0.2
56.8	0.2
57.0	0.2
57.2	0.2
57.4	0.2
57.6	0.2
57.8	0.2
58.0	0.2
58.2	0.2
58.4	0.2
58.6	0.2
58.8	0.2
59.0	0.2
59.2	0.2
59.4	0.2
59.6	0.2
59.8	0.2
60.0	0.2
60.2	0.2
60.4	0.2
60.6	0.2
60.8	0.2
61.0	0.2
61.2	0.2
61.4	0.2
61.6	0.2
61.8	0.2
62.0	0.2
62.2	0.2
62.4	0.2
62.6	0.2
62.8	0.2
63.0	0.2
63.2	0.2
63.4	0.2
63.6	0.2
63.8	0.2
64.0	0.2
64.2	0.2
64.4	0.2
64.6	0.2
64.8	0.2
65.0	0.2
65.2	0.2
65.4	0.2
65.6	0.2
65.8	0.2
66.0	0.2
66.2	0.2
66.4	0.2
66.6	0.2
66.8	0.2
67.0	0.2
67.2	0.2
67.4	0.2
67.6	0.2
67.8	0.2
68.0	0.2
68.2	0.2
68.4	0.2
68.6	0.2
68.8	0.2
69.0	0.2
69.2	0.2
69.4	0.2
69.6	0.2
69.8	0.2
70.0	0.2
70.2	0.2
70.4	0.2
70.6	0.2
70.8	0.2
71.0	0.2
71.2	0.2
71.4	0.2
71.6	0.2
71.8	0.2
72.0	0.2
72.2	0.2
72.4	0.2
72.6	0.2
72.8	0.2
73.0	0.2
73.2	0.2
73.4	0.2
73.6	0.2
73.8	0.2
74.0	0.2
74.2	0.2
74.4	0.2
74.6	0.2
74.8	0.2
75.0	0.2
75.2	0.2
75.4	0.2
75.6	0.2
75.8	0.2
76.0	0.2
76.2	0.2
76.4	0.2
76.6	0.2
76.8	0.2
77.0	0.2
77.2	0.2
77.4	0.2
77.6	0.2
77.8	0.2
78.0	0.2
78.2	0.2
78.4	0.2
78.6	0.2
78.8	0.2
79.0	0.2
79.2	0.2
79.4	0.2
79.6	0.2
79.8	0.2
80.0	0.2
80.2	0.2
80.4	0.2
80.6	0.2
80.8	0.2
81.0	0.2
81.2	0.2
81.4	0.2
81.6	0.2
81.8	0.2
82.0	0.2
82.2	0.2
82.4	0.2
82.6	0.2
82.8	0.2
83.0	0.2
83.2	0.2
83.4	0.2
83.6	0.2
83.8	0.2
84.0	0.2
84.2	0.2
84.4	0.2
84.6	0.2
84.8	0.2
85.0	0.2
85.2	0.2
85.4	0.2
85.6	0.2
85.8	0.2
86.0	0.2
86.2	0.2
86.4	0.2
86.6	0.2
86.8	0.2
87.0	0.2
87.2	0.2
87.4	0.2
87.6	0.2
87.8	0.2
88.0	0.2
88.2	0.2
88.4	0.2
88.6	0.2
88.8	0.2
89.0	0.2
89.2	0.2
89.4	0.2
89.6	0.2
89.8	0.2
90.0	0.2
90.2	0.2
90.4	0.2
90.6	0.2
90.8	0.2
91.0	0.2
91.2	0.2
91.4	0.2
91.6	0.2
91.8	0.2
92.0	0.2
92.2	0.2
92.4	0.2
92.6	0.2
92.8	0.2
93.0	0.2
93.2	0.2
93.4	0.2
93.6	0.2
93.8	0.2
94.0	0.2
94.2	0.2
94.4	0.2
94.6	0.2
94.8	0.2
95.0	0.2
95.2	0.2
95.4	0.2
95.6	0.2
95.8	0.2
96.0	0.2
96.2	0.2
96.4	0.2
96.6	0.2
96.8	0.2
97.0	0.2
97.2	0.2
97.4	0.2
97.6	0.2
97.8	0.2
98.0	0.2
98.2	0.2
98.4	0.2
98.6	0.2
98.8	0.2
99.0	0.2
99.2	0.2
99.4	0.2
99.6	0.2
99.8	0.2
100.0	0.2
100.2	0.2
100.4	0.2
100.6	0.2
100.8	0.2
101.0	0.2
101.2	0.2
101.4	0.2
101.6	0.2
101.8	0.2
102.0	0.2
102.2	0.2
102.4	0.2
102.6	0.2
102.8	0.2
103.0	0.2
103.2	0.2
103.4	0.2
103.6	0.2
103.8	0.2
104.0	0.2
104.2	0.2
104.4	0.2
104.6	0.2
104.8	0.2
105.0	0.2
105.2	0.2
105.4	0.2
105.6	0.2
105.8	0.2
106.0	0.2
106.2	0.2
106.4	0.2
106.6	0.2
106.8	0.2
107.0	0.2
107.2	0.2
107.4	0.2
107.6	0.2
107.8	0.2
108.0	0.2
108.2	0.2
108.4	0.2
108.6	0.2
108.8	0.2
109.0	0.2
109.2	0.2
109.4	0.2
109.6	0.2
109.8	0.2
110.0	0.2
110.2	0.2
110.4	0.2
110.6	0.2
110.8	0.2
111.0	0.2
111.2	0.2
111.4	0.2
111.6	0.2
111.8	0.2
112.0	0.2
112.2	0.2
112.4	0.2
112.6	0.2
112.8	0.2
113.0	0.2
113.2	0.2
113.4	0.2
113.6	0.2
113.8	0.2
114.0	0.2
114.2	0.2
114.4	0.2
114.6	0.2
114.8	0.2
115.0	0.2
115.2	0.2
115.4	0.2
115.6	0.2
115.8	0.2
116.0	0.2
116.2	0.2
116.4	0.2
116.6	0.2
116.8	0.2
117.0	0.2
117.2	0.2
117.4	0.2
117.6	0.2
117.8	0.2
118.0	0.2
118.2	0.2
118.4	0.2
118.6	0.2
118.8	0.2
119.0	0.2
119.2	0.2
119.4	0.2
119.6	0.2
119.8	0.2
120.0	0.2
120.2	0.2
120.4	0.2
120.6	0.2
120.8	0.2
121.0	0.2
121.2	0.2
121.4	0.2
121.6	0.2
121.8	0.2
122.0	0.2
122.2	0.2
122.4	0.2
122.6	0.2
122.8	0.2
123.0	0.2
123.2	0.2
123.4	0.2
123.6	0.2
123.8	0.2
124.0	0.2
124.2	0.2
124.4	0.2
124.6	0.2
124.8	0.2
125.0	0.2
125.2	0.2
125.4	0.2
125.6	0.2
125.8	0.2
126.0	0.2
126.2	0.2
126.4	0.2
126.6	0.2
126.8	0.2
127.0	0.2
127.2	0.2
127.4	0.2
127.6	0.2
127.8	0.2
128.0	0.2
128.2	0.2
128.4	0.2
128.6	0.2
128.8	0.2
129.0	0.2
129.2	0.2
129.4	0.2
129.6	0.2
129.8	0.2
130.0	0.2
130.2	0.2
130.4	0.2
130.6	0.2
130.8	0.2
131.0	0.2
131.2	0.2
131.4	0.2
131.6	0.2
131.8	0.2
132.0	0.2
132.2	0.2
132.4	0.2
132.6	0.2
132.8	0.2
133.0	0.2
133.2	0.2
133.4	0.2
133.6	0.2
133.8	0.2
134.0	0.2
134.2	0.2
134.4	0.2
134.6	0.2
134.8	0.2
135.0	0.2
135.2	0.2
135.4	0.2
135.6	0.2
135.8	0.2
136.0	0.2
136.2	0.2
136.4	0.2
136.6	0.2
136.8	0.2
137.0	0.2
137.2	0.2
137.4	0.2
137.6	0.2
137.8	0.2
138.0	0.2
138.2	0.2
138.4	0.2
138.6	0.2
138.8	0.2
139.0	0.2
139.2	0.2
139.4	0.2
139.6	0.2
139.8	0.2
140.0	0.2
140.2	0.2
140.4	0.2
140.6	0.2
140.8	0.2
141.0	0.2
141.2	0.2
141.4	0.2
141.6	0.2
141.8	0.2
142.0	0.2
142.2	0.2
142.4	0.2
142.6	0.2
142.8	0.2
143.0	0.2
143.2	0.2
143.4	0.2
143.6	0.2
143.8	0.2
144.0	0.2
144.2	0.2
144.4	0.2
144.6	0.2
144.8	0.2
145.0	0.2
145.2	0.2
145.4	0.2
145.6	0.2
145.8	0.2
146.0	0.2
146.2	0.2
146.4	0.2
146.6	0.2
146.8	0.2
147.0	0.2
147.2	0.2
147.4	0.2
147.6	0.2
147.8	0.2
148.0	0.2
148.2	0.2
148.4	0.2
148.6	0.2
148.8	0.2
149.0	0.2
149.2	0.2
149.4	0.2
149.6	0.2
149.8	0.2
150.0	0.2
150.2	0.2
150.4	0.2
150.6	0.2
150.8	0.2
151.0	0.2
151.2	0.2
151.4	0.2
151.6	0.2
151.8	0.2
152.0	0.2
152.2	0.2
152.4	0.2
152.6	0.2
152.8	0.2
153.0	0.2
153.2	0.2
153.4	0.2
153.6	0.2
153.8	0.2
154.0	0.2
154.2	0.2
154.4	0.2
154.6	0.2
154.8	0.2
155.0	0.2
155.2	0.2
155.4	0.2
155.6	0.2
155.8	0.2
156.0	0.2
156.2	0.2
156.4	0.2
156.6	0.2
156.8	0.2
157.0	0.2
157.2	0.2
157.4	0.2
157.6	0.2
157.8	0.2
158.0	0.2
158.2	0.2
158.4	0.2
158.6	0.2
158.8	0.2
159.0	0.2
159.2	0.2
159.4	0.2
159.6	0.2
159.8	0.2
160.0	0.2
160.2	0.2
160.4	0.2
160.6	0.2
160.8	0.2
161.0	0.2
161.2	0.2
161.4	0.2
161.6	0.2
161.8	0.2
162.0	0.2
162.2	0.2
162.4	0.2
162.6	0.2
162.8	0.2
163.0	0.2
163.2	0.2
163.4	0.2
163.6	0.2
163.8	0.2
164.0	0.2
164.2	0.2
164.4	0.2
164.6	0.2
164.8	0.2
165.0	0.2
165.2	0.2
165.4	0.2
165.6	0.2
165.8	0.2
166.0	0.2
166.2	0.2
166.4	0.2
166.6	0.2
166.8	0.2
167.0	0.2
167.2	0.2
167.4	0.2
167.6	0.2
167.8	0.2
168.0	0.2
168.2	0.2
168.4	0.2
168.6	0.2
168.8	0.2
169.0	0.2
169.2	0.2
169.4	0.2
169.6	0.2
169.8	0.2
170.0	0.2
170.2	0.2
170.4	0.2
170.6	0.2
170.8	0.2
171.0	0.2
171.2	0.2
171.4	0.2
171.6	0.2
171.8	0.2
172.0	0.2
172.2	0.2
172.4	0.2
172.6	0.2
172.8	0.2
173.0	0.2
173.2	0.2
173.4	0.2
173.6	0.2
173.8	0.2
174.0	0.2
174.2	0.2
174.4	0.2
174.6	0.2
174.8	0.2
175.0	0.2
175.2	0.2
175.4	0.2
175.6	0.2
175.8	0.2
176.0	0.2
176.2	0.2
176.4	0.2
176.6	0.2
176.8	0.2
177.0	0.2
177.2	0.2
177.4	0.2
177.6	0.2
177.8	0.2
178.0	0.2
178.2	0.2
178.4	0.2
178.6	0.2
178.8	0.2
179.0	0.2
179.2	0.2
179.4	0.2
179.6	0.2
179.8	0.2
180.0	0.2
180.2	0.2
180.4	0.2
180.6	0.2
180.8	0.2
181.0	0.2
181.2	0.2
181.4	0.2
181.6	0.2
181.8	0.2
182.0	0.2
182.2	0.2
182.4	0.2
182.6	0.2
182.8	0.2
183.0	0.2
183.2	0.2
183.4	0.2
183.6	0.2
183.8	0.2
184.0	0.2
184.2	0.2
184.4	0.2
184.6	0.2
184.8	0.2
185.0	0.2
185.2	0.2
185.4	0.2
185.6	0.2
185.8	0.2
186.0	0.2
186.2	0.2
186.4	0.2
186.6	0.2
186.8	0.2
187.0	0.2
187.2	0.2
187.4	0.2
187.6	0.2
187.8	0.2
188.0	0.2
188.2	0.2
188.4	0.2
188.6	0.2
188.8	0.2
189.0	0.2
189.2	0.2
189.4	0.2
189.6	0.2
189.8	0.2
190.0	0.2
190.2	0.2
190.4	0.2
190.6	0.2
190.8	0.2
191.0	0.2
191.2	0.2
191.4	0.2
191.6	0.2
191.8	0.2
192.0	0.2
192.2	0.2
192.4	0.2
192.6	0.2
192.8	0.2
193.0	0.2
193.2	0.2
193.4	0.2
193.6	0.2
193.8	0.2
194.0	0.2
194.2	0.2
194.4	0.2
194.6	0.2
194.8	0.2
195.0	0.2
195.2	0.2
195.4	0.2
195.6	0.2
195.8	0.2
196.0	0.2
196.2	0.2
196.4	0.2
196.6	0.2
196.8	0.2
197.0	0.2
197.2	0.2
197.4	0.2
197.6	0.2
197.8	0.2
198.0	0.2
198.2	0.2
198.4	0.2
198.6	0.2
198.8	0.2
199.0	0.2
199.2	0.2
199.4	0.2
199.6	0.2
199.8	0.2
200.0	0.2
200.2	0.2
200.4	0.2
200.6	0.2
200.8	0.2
201.0	0.2
201.2	0.2
201.4	0.2
201.6	0.2
201.8	0.2
202.0	0.2
202.2	0.2
202.4	0.2
202.6	0.2
202.8	0.2
203.0	0.2
203.2	0.2
203.4	0.2
203.6	0.2
203.8	0.2
204.0	0.2
204.2	0.2
204.4	0.2
204.6	0.2
204.8	0.2
205.0	0.2
205.2	0.2
205.4	0.2
205.6	0.2
205.8	0.2
206.0	0.2
206.2	0.2
206.4	0.2
206.6	0.2
206.8	0.2
207.0	0.2
207.2	0.2
207.4	0.2
207.6	0.2
207.8	0.2
208.0	0.2
208.2	0.2
208.4	0.2
208.6	0.2
208.8	0.2
209.0	0.2
209.2	0.2
209.4	0.2
209.6	0.2
209.8	0.2
210.0	0.2
210.2	0.2
210.4	0.2
210.6	0.2
210.8	0.2
211.0	0.2
211.2	0.2
211.4	0.2
211.6	0.2
211.8	0.2
212.0	0.2
212.2	0.2
212.4	0.2
212.6	0.2
212.8	0.2
213.0	0.2
213.2	0.2
213.4	0.2
213.6	0.2
213.8	0.2
214.0	0.2
214.2	0.2
214.4	0.2
214.6	0.2
214.8	0.2
215.0	0.2
215.2	0.2
215.4	0.2
215.6	0.2
215.8	0.2
216.0	0.2
216.2	0.2
216.4	0.2
216.6	0.2
216.8	0.2
217.0	0.2
217.2	0.2
217.4	0.2
217.6	0.2
217.8	0.2
218.0	0.2
218.2	0.2
218.4	0.2
218.6	0.2
218.8	0.2
219.0	0.2
219.2	0.2
219.4	0.2
219.6	0.2
219.8	0.2
220.0	0.2
220.2	0.2
220.4	0.2
220.6	0.2
220.8	0.2
221.0	0.2
221.2	0.2
221.4	0.2
221.6	0.2
221.8	0.2
222.0	0.2
222.2	0.2
222.4	0.2
222.6	0.2
222.8	0.2
223.0	0.2
223.2	0.2
223.4	0.2
223.6	0.2
223.8	0.2
224.0	0.2
224.2	0.2
224.4	0.2
224.6	0.2
224.8	0.2
225.0	0.2
225.2	0.2
225.4	0.2
225.6	0.2
225.8	0.2
226.0	0.2
226.2	0.2
226.4	0.2
226.6	0.2
226.8	0.2
227.0	0.2
227.2	0.2
227.4	0.2
227.6	0.2
227.8	0.2
228.0	0.2
228.2	0.2
228.4	0.2
228.6	0.2
228.8	0.2
229.0	0.2
229.2	0.2
229.4	0.2
229.6	0.2
229.8	0.2
230.0	0.2
230.2	0.2
230.4	0.2
230.6	0.2
230.8	0.2
231.0	0.2
231.2	0.2
231.4	0.2
231.6	0.2
231.8	0.2
232.0	0.2
232.2	0.2
232.4	0.2
232.6	0.2
232.8	0.2
233.0	0.2
233.2	0.2
233.4	0.2
233.6	0.2
233.8	0.2
234.0	0.2
234.2	0.2
234.4	0.2
234.6	0.2
234.8	0.2
235.0	0.2
235.2	0.2
235.4	0.2
235.6	0.2
235.8	0.2
236.0	0.2
236.2	0.2
236.4	0.2
236.6	0.2
236.8	0.2
237.0	0.2
237.2	0.2
237.4	0.2
237.6	0.2
237.8	0.2
238.0	0.2
238.2	0.2
238.4	0.2
238.6	0.2
238.8	0.2
239.0	0.2
239.2	0.2
239.4	0.2
239.6	0.2
239.8	0.2
240.0	0.2
240.2	0.2
240.4	0.2
240.6	0.2
240.8	0.2
241.0	0.2
241.2	0.2
241.4	0.2
241.6	0.2
241.8	0.2
242.0	0.2
242.2	0.2
242.4	0.2
242.6	0.2
242.8	0.2
243.0	0.2
243.2	0.2
243.4	0.2
243.6	0.2
243.8	0.2
244.0	0.2
244.2	0.2
244.4	0.2
244.6	0.2
244.8	0.2
245.0	0.2
245.2	0.2
245.4	0.2
245.6	0.2
245.8	0.2
246.0	0.2
246.2	0.2
246.4	0.2
246.6	0.2
246.8	0.2
247.0	0.2
247.2	0.2
247.4	0.2
247.6	0.2
247.8	0.2
248.0	0.2
248.2	0.2
248.4	0.2
248.6	0.2
248.8	0.2
249.0	0.2
249.2	0.2
249.4	0.2
249.6	0.2
249.8	0.2
250.0	0.2
250.2	0.2
250.4	0.2
250.6	0.2
250.8	0.2
251.0	0.2
251.2	0.2
251.4	0.2
251.6	0.2
251.8	0.2
252.0	0.2
252.2	0.2
252.4	0.2
252.6	0.2
252.8	0.2
253.0	0.2
253.2	0.2
253.4	0.2
253.6	0.2
253.8	0.2
254.0	0.2
254.2	0.2
254.4	0.2
254.6	0.2
254.8	0.2
255.0	0.2
255.2	0.2
255.4	0.2
255.6	0.2
255.8	0.2
256.0	0.2
256.2	0.2
256.4	0.2
256.6	0.2
256.8	0.2
257.0	0.2
257.2	0.2
257.4	0.2
257.6	0.2
257.8	0.2
258.0	0.2
258.2	0.2
258.4	0.2
258.6	0.2
258.8	0.2
259.0	0.2
259.2	0.2
259.4	0.2
259.6	0.2
259.8	0.2
260.0	0.2
260.2	0.2
260.4	0.2
260.6	0.2
260.8	0.2
261.0	0.2
261.2	0.2
261.4	0.2
261.6	0.2
261.8	0.2
262.0	0.2
262.2	0.2
262.4	0.2
262.6	0.2
262.8	0.2
263.0	0.2
263.2	0.2
263.4	0.2
263.6	0.2
263.8	0.2
264.0	0.2
264.2	0.2
264.4	0.2
264.6	0.2
264.8	0.2
265.0	0.2
265.2	0.2
265.4	0.2
265.6	0.2
265.8	0.2
266.0	0.2
266.2	0.2
266.4	0.2
266.6	0.2
266.8	0.2
267.0	0.2
267.2	0.2
267.4	0.2
267.6	0.2
267.8	0.2
268.0	0.2
268.2	0.2
268.4	0.2
268.6	0.2
268.8	0.2
269.0	0.2
269.2	0.2
269.4	0.2
269.6	0.2
269.8	0.2
270.0	0.2
270.2	0.2
270.4	0.2
270.6	0.2
270.8	0.2
271.0	0.2
271.2	0.2
271.4	0.2
271.6	0.2
271.8	0.2
272.0	0.2
272.2	0.2
272.4	0.2
272.6	0.2
272.8	0.2
273.0	0.2
273.2	0.2
273.4	0.2
273.6	0.2
273.8	0.2
274.0	0.2
274.2	0.2
274.4	0.2
274.6	0.2
274.8	0.2
275.0	0.2
275.2	0.2
275.4	0.2
275.6	0.2
275.8	0.2
276.0	0.2
276.2	0.2
276.4	0.2
276.6	0.2
276.8	0.2
277.0	0.2
277.2	0.2
277.4	0.2
277.6	0.2
277.8	0.2
278.0	0.2
278.2	0.2
278.4	0.2
278.6	0.2
278.8	0.2
279.0	0.2
279.2	0.2
279.4	0.2
279.6	0.2
279.8	0.2
280.0	0.2
280.2	0.2
280.4	0.2
280.6	0.2
280.8	0.2
281.0	0.2
281.2	0.2
281.4	0.2
281.6	0.2
281.8	0.2
282.0	0.2
282.2	0.2
282.4	0.2
282.6	0.2
282.8	0.2
283.0	0.2
283.2	0.2
283.4	0.2
283.6	0.2
283.8	0.2
284.0	0.2
284.2	0.2
284.4	0.2
284.6	0.2
284.8	0.2
285.0	0.2
285.2	0.2
285.4	0.2
285.6	0.2
285.8	0.2
286.0	0.2
286.2	0.2
286.4	0.2
286.6	0.2
286.8	0.2
287.0	0.2
287.2	0.2
287.4	0.2
287.6	0.2
287.8	0.2
288.0	0.2
288.2	0.2
288.4	0.2
288.6	0.2
288.8	0.2
289.0	0.2
289.2	0.2
289.4	0.2
289.6	0.2
289.8	0.2
290.0	0.2
290.2	0.2
290.4	0.2
290.6	0.2
290.8	0.2
291.0	0.2
291.2	0.2
291.4	0.2
291.6	0.2
291.8	0.2
292.0	0.2
292.2	0.2
292.4	0.2
292.6	0.2
292.8	0.2
293.0	0.2
293.2	0.2
293.4	0.2
293.6	0.2
293.8	0.2
294.0	0.2
294.2	0.2
294.4	0.2
294.6	0.2
294.8	0.2
295.0	0.2
295.2	0.2
295.4	0.2
295.6	0.2
295.8	0.2
296.0	0.2
296.2	0.2
296.4	0.2
296.6	0.2
296.8	0.2
297.0	0.2
297.2	0.2
297.4	0.2
297.6	0.2
297.8	0.2
298.0	0.2
298.2	0.2
298.4	0.2
298.6	0.2
298.8	0.2
299.0	0.2
299.2	0.2
299.4	0.2
299.6	0.2
299.8	0.2
