0	0.05
.05	0.05
.10	0.05
.15	0.05
.20	0.05
.25	0.05
.30	0.05
.35	0.05
.40	0.05
.45	0.05
.50	0.05
.55	0.05
.60	0.05
.65	0.05
.70	0.05
.75	0.05
.80	0.05
.85	0.05
.90	0.05
.95	0.05
1.00	0.05
1.05	0.05
1.10	0.05
1.15	0.05
1.20	0.05
1.25	0.05
1.30	0.05
1.35	0.05
1.40	0.05
1.45	0.05
1.50	0.05
1.55	0.05
1.60	0.05
1.65	0.05
1.70	0.05
1.75	0.05
1.80	0.05
1.85	0.05
1.90	0.05
1.95	0.05
2.00	0.05
2.05	0.05
2.10	0.05
2.15	0.05
2.20	0.05
2.25	0.05
2.30	0.05
2.35	0.05
2.40	0.05
2.45	0.05
2.50	0.05
2.55	0.05
2.60	0.05
2.65	0.05
2.70	0.05
2.75	0.05
2.80	0.05
2.85	0.05
2.90	0.05
2.95	0.05
3.00	0.05
3.05	0.05
3.10	0.05
3.15	0.05
3.20	0.05
3.25	0.05
3.30	0.05
3.35	0.05
3.40	0.05
3.45	0.05
3.50	0.05
3.55	0.05
3.60	0.05
3.65	0.05
3.70	0.05
3.75	0.05
3.80	0.05
3.85	0.05
3.90	0.05
3.95	0.05
4.00	0.05
4.05	0.05
4.10	0.05
4.15	0.05
4.20	0.05
4.25	0.05
4.30	0.05
4.35	0.05
4.40	0.05
4.45	0.05
4.50	0.05
4.55	0.05
4.60	0.05
4.65	0.05
4.70	0.05
4.75	0.05
4.80	0.05
4.85	0.05
4.90	0.05
4.95	0.05
5.00	0.05
5.05	0.05
5.10	0.05
5.15	0.05
5.20	0.05
5.25	0.05
5.30	0.05
5.35	0.05
5.40	0.05
5.45	0.05
5.50	0.05
5.55	0.05
5.60	0.05
5.65	0.05
5.70	0.05
5.75	0.05
5.80	0.05
5.85	0.05
5.90	0.05
5.95	0.05
6.00	0.05
6.05	0.05
6.10	0.05
6.15	0.05
6.20	0.05
6.25	0.05
6.30	0.05
6.35	0.05
6.40	0.05
6.45	0.05
6.50	0.05
6.55	0.05
6.60	0.05
6.65	0.05
6.70	0.05
6.75	0.05
6.80	0.05
6.85	0.05
6.90	0.05
6.95	0.05
7.00	0.05
7.05	0.05
7.10	0.05
7.15	0.05
7.20	0.05
7.25	0.05
7.30	0.05
7.35	0.05
7.40	0.05
7.45	0.05
7.50	0.05
7.55	0.05
7.60	0.05
7.65	0.05
7.70	0.05
7.75	0.05
7.80	0.05
7.85	0.05
7.90	0.05
7.95	0.05
8.00	0.05
8.05	0.05
8.10	0.05
8.15	0.05
8.20	0.05
8.25	0.05
8.30	0.05
8.35	0.05
8.40	0.05
8.45	0.05
8.50	0.05
8.55	0.05
8.60	0.05
8.65	0.05
8.70	0.05
8.75	0.05
8.80	0.05
8.85	0.05
8.90	0.05
8.95	0.05
9.00	0.05
9.05	0.05
9.10	0.05
9.15	0.05
9.20	0.05
9.25	0.05
9.30	0.05
9.35	0.05
9.40	0.05
9.45	0.05
9.50	0.05
9.55	0.05
9.60	0.05
9.65	0.05
9.70	0.05
9.75	0.05
9.80	0.05
9.85	0.05
9.90	0.05
9.95	0.05
10.00	0.05
10.05	0.05
10.10	0.05
10.15	0.05
10.20	0.05
10.25	0.05
10.30	0.05
10.35	0.05
10.40	0.05
10.45	0.05
10.50	0.05
10.55	0.05
10.60	0.05
10.65	0.05
10.70	0.05
10.75	0.05
10.80	0.05
10.85	0.05
10.90	0.05
10.95	0.05
11.00	0.05
11.05	0.05
11.10	0.05
11.15	0.05
11.20	0.05
11.25	0.05
11.30	0.05
11.35	0.05
11.40	0.05
11.45	0.05
11.50	0.05
11.55	0.05
11.60	0.05
11.65	0.05
11.70	0.05
11.75	0.05
11.80	0.05
11.85	0.05
11.90	0.05
11.95	0.05
12.00	0.05
12.05	0.05
12.10	0.05
12.15	0.05
12.20	0.05
12.25	0.05
12.30	0.05
12.35	0.05
12.40	0.05
12.45	0.05
12.50	0.05
12.55	0.05
12.60	0.05
12.65	0.05
12.70	0.05
12.75	0.05
12.80	0.05
12.85	0.05
12.90	0.05
12.95	0.05
13.00	0.05
13.05	0.05
13.10	0.05
13.15	0.05
13.20	0.05
13.25	0.05
13.30	0.05
13.35	0.05
13.40	0.05
13.45	0.05
13.50	0.05
13.55	0.05
13.60	0.05
13.65	0.05
13.70	0.05
13.75	0.05
13.80	0.05
13.85	0.05
13.90	0.05
13.95	0.05
14.00	0.05
14.05	0.05
14.10	0.05
14.15	0.05
14.20	0.05
14.25	0.05
14.30	0.05
14.35	0.05
14.40	0.05
14.45	0.05
14.50	0.05
14.55	0.05
14.60	0.05
14.65	0.05
14.70	0.05
14.75	0.05
14.80	0.05
14.85	0.05
14.90	0.05
14.95	0.05
15.00	0.05
15.05	0.05
15.10	0.05
15.15	0.05
15.20	0.05
15.25	0.05
15.30	0.05
15.35	0.05
15.40	0.05
15.45	0.05
15.50	0.05
15.55	0.05
15.60	0.05
15.65	0.05
15.70	0.05
15.75	0.05
15.80	0.05
15.85	0.05
15.90	0.05
15.95	0.05
16.00	0.05
16.05	0.05
16.10	0.05
16.15	0.05
16.20	0.05
16.25	0.05
16.30	0.05
16.35	0.05
16.40	0.05
16.45	0.05
16.50	0.05
16.55	0.05
16.60	0.05
16.65	0.05
16.70	0.05
16.75	0.05
16.80	0.05
16.85	0.05
16.90	0.05
16.95	0.05
17.00	0.05
17.05	0.05
17.10	0.05
17.15	0.05
17.20	0.05
17.25	0.05
17.30	0.05
17.35	0.05
17.40	0.05
17.45	0.05
17.50	0.05
17.55	0.05
17.60	0.05
17.65	0.05
17.70	0.05
17.75	0.05
17.80	0.05
17.85	0.05
17.90	0.05
17.95	0.05
18.00	0.05
18.05	0.05
18.10	0.05
18.15	0.05
18.20	0.05
18.25	0.05
18.30	0.05
18.35	0.05
18.40	0.05
18.45	0.05
18.50	0.05
18.55	0.05
18.60	0.05
18.65	0.05
18.70	0.05
18.75	0.05
18.80	0.05
18.85	0.05
18.90	0.05
18.95	0.05
19.00	0.05
19.05	0.05
19.10	0.05
19.15	0.05
19.20	0.05
19.25	0.05
19.30	0.05
19.35	0.05
19.40	0.05
19.45	0.05
19.50	0.05
19.55	0.05
19.60	0.05
19.65	0.05
19.70	0.05
19.75	0.05
19.80	0.05
19.85	0.05
19.90	0.05
19.95	0.05
20.00	0.05
20.05	0.05
20.10	0.05
20.15	0.05
20.20	0.05
20.25	0.05
20.30	0.05
20.35	0.05
20.40	0.05
20.45	0.05
20.50	0.05
20.55	0.05
20.60	0.05
20.65	0.05
20.70	0.05
20.75	0.05
20.80	0.05
20.85	0.05
20.90	0.05
20.95	0.05
21.00	0.05
21.05	0.05
21.10	0.05
21.15	0.05
21.20	0.05
21.25	0.05
21.30	0.05
21.35	0.05
21.40	0.05
21.45	0.05
21.50	0.05
21.55	0.05
21.60	0.05
21.65	0.05
21.70	0.05
21.75	0.05
21.80	0.05
21.85	0.05
21.90	0.05
21.95	0.05
22.00	0.05
22.05	0.05
22.10	0.05
22.15	0.05
22.20	0.05
22.25	0.05
22.30	0.05
22.35	0.05
22.40	0.05
22.45	0.05
22.50	0.05
22.55	0.05
22.60	0.05
22.65	0.05
22.70	0.05
22.75	0.05
22.80	0.05
22.85	0.05
22.90	0.05
22.95	0.05
23.00	0.05
23.05	0.05
23.10	0.05
23.15	0.05
23.20	0.05
23.25	0.05
23.30	0.05
23.35	0.05
23.40	0.05
23.45	0.05
23.50	0.05
23.55	0.05
23.60	0.05
23.65	0.05
23.70	0.05
23.75	0.05
23.80	0.05
23.85	0.05
23.90	0.05
23.95	0.05
24.00	0.05
24.05	0.05
24.10	0.05
24.15	0.05
24.20	0.05
24.25	0.05
24.30	0.05
24.35	0.05
24.40	0.05
24.45	0.05
24.50	0.05
24.55	0.05
24.60	0.05
24.65	0.05
24.70	0.05
24.75	0.05
24.80	0.05
24.85	0.05
24.90	0.05
24.95	0.05
25.00	0.05
25.05	0.05
25.10	0.05
25.15	0.05
25.20	0.05
25.25	0.05
25.30	0.05
25.35	0.05
25.40	0.05
25.45	0.05
25.50	0.05
25.55	0.05
25.60	0.05
25.65	0.05
25.70	0.05
25.75	0.05
25.80	0.05
25.85	0.05
25.90	0.05
25.95	0.05
26.00	0.05
26.05	0.05
26.10	0.05
26.15	0.05
26.20	0.05
26.25	0.05
26.30	0.05
26.35	0.05
26.40	0.05
26.45	0.05
26.50	0.05
26.55	0.05
26.60	0.05
26.65	0.05
26.70	0.05
26.75	0.05
26.80	0.05
26.85	0.05
26.90	0.05
26.95	0.05
27.00	0.05
27.05	0.05
27.10	0.05
27.15	0.05
27.20	0.05
27.25	0.05
27.30	0.05
27.35	0.05
27.40	0.05
27.45	0.05
27.50	0.05
27.55	0.05
27.60	0.05
27.65	0.05
27.70	0.05
27.75	0.05
27.80	0.05
27.85	0.05
27.90	0.05
27.95	0.05
28.00	0.05
28.05	0.05
28.10	0.05
28.15	0.05
28.20	0.05
28.25	0.05
28.30	0.05
28.35	0.05
28.40	0.05
28.45	0.05
28.50	0.05
28.55	0.05
28.60	0.05
28.65	0.05
28.70	0.05
28.75	0.05
28.80	0.05
28.85	0.05
28.90	0.05
28.95	0.05
29.00	0.05
29.05	0.05
29.10	0.05
29.15	0.05
29.20	0.05
29.25	0.05
29.30	0.05
29.35	0.05
29.40	0.05
29.45	0.05
29.50	0.05
29.55	0.05
29.60	0.05
29.65	0.05
29.70	0.05
29.75	0.05
29.80	0.05
29.85	0.05
29.90	0.05
29.95	0.05
30.00	0.05
30.05	0.05
30.10	0.05
30.15	0.05
30.20	0.05
30.25	0.05
30.30	0.05
30.35	0.05
30.40	0.05
30.45	0.05
30.50	0.05
30.55	0.05
30.60	0.05
30.65	0.05
30.70	0.05
30.75	0.05
30.80	0.05
30.85	0.05
30.90	0.05
30.95	0.05
31.00	0.05
31.05	0.05
31.10	0.05
31.15	0.05
31.20	0.05
31.25	0.05
31.30	0.05
31.35	0.05
31.40	0.05
31.45	0.05
31.50	0.05
31.55	0.05
31.60	0.05
31.65	0.05
31.70	0.05
31.75	0.05
31.80	0.05
31.85	0.05
31.90	0.05
31.95	0.05
32.00	0.05
32.05	0.05
32.10	0.05
32.15	0.05
32.20	0.05
32.25	0.05
32.30	0.05
32.35	0.05
32.40	0.05
32.45	0.05
32.50	0.05
32.55	0.05
32.60	0.05
32.65	0.05
32.70	0.05
32.75	0.05
32.80	0.05
32.85	0.05
32.90	0.05
32.95	0.05
33.00	0.05
33.05	0.05
33.10	0.05
33.15	0.05
33.20	0.05
33.25	0.05
33.30	0.05
33.35	0.05
33.40	0.05
33.45	0.05
33.50	0.05
33.55	0.05
33.60	0.05
33.65	0.05
33.70	0.05
33.75	0.05
33.80	0.05
33.85	0.05
33.90	0.05
33.95	0.05
34.00	0.05
34.05	0.05
34.10	0.05
34.15	0.05
34.20	0.05
34.25	0.05
34.30	0.05
34.35	0.05
34.40	0.05
34.45	0.05
34.50	0.05
34.55	0.05
34.60	0.05
34.65	0.05
34.70	0.05
34.75	0.05
34.80	0.05
34.85	0.05
34.90	0.05
34.95	0.05
35.00	0.05
35.05	0.05
35.10	0.05
35.15	0.05
35.20	0.05
35.25	0.05
35.30	0.05
35.35	0.05
35.40	0.05
35.45	0.05
35.50	0.05
35.55	0.05
35.60	0.05
35.65	0.05
35.70	0.05
35.75	0.05
35.80	0.05
35.85	0.05
35.90	0.05
35.95	0.05
36.00	0.05
36.05	0.05
36.10	0.05
36.15	0.05
36.20	0.05
36.25	0.05
36.30	0.05
36.35	0.05
36.40	0.05
36.45	0.05
36.50	0.05
36.55	0.05
36.60	0.05
36.65	0.05
36.70	0.05
36.75	0.05
36.80	0.05
36.85	0.05
36.90	0.05
36.95	0.05
37.00	0.05
37.05	0.05
37.10	0.05
37.15	0.05
37.20	0.05
37.25	0.05
37.30	0.05
37.35	0.05
37.40	0.05
37.45	0.05
37.50	0.05
37.55	0.05
37.60	0.05
37.65	0.05
37.70	0.05
37.75	0.05
37.80	0.05
37.85	0.05
37.90	0.05
37.95	0.05
38.00	0.05
38.05	0.05
38.10	0.05
38.15	0.05
38.20	0.05
38.25	0.05
38.30	0.05
38.35	0.05
38.40	0.05
38.45	0.05
38.50	0.05
38.55	0.05
38.60	0.05
38.65	0.05
38.70	0.05
38.75	0.05
38.80	0.05
38.85	0.05
38.90	0.05
38.95	0.05
39.00	0.05
39.05	0.05
39.10	0.05
39.15	0.05
39.20	0.05
39.25	0.05
39.30	0.05
39.35	0.05
39.40	0.05
39.45	0.05
39.50	0.05
39.55	0.05
39.60	0.05
39.65	0.05
39.70	0.05
39.75	0.05
39.80	0.05
39.85	0.05
39.90	0.05
39.95	0.05
40.00	0.05
40.05	0.05
40.10	0.05
40.15	0.05
40.20	0.05
40.25	0.05
40.30	0.05
40.35	0.05
40.40	0.05
40.45	0.05
40.50	0.05
40.55	0.05
40.60	0.05
40.65	0.05
40.70	0.05
40.75	0.05
40.80	0.05
40.85	0.05
40.90	0.05
40.95	0.05
41.00	0.05
41.05	0.05
41.10	0.05
41.15	0.05
41.20	0.05
41.25	0.05
41.30	0.05
41.35	0.05
41.40	0.05
41.45	0.05
41.50	0.05
41.55	0.05
41.60	0.05
41.65	0.05
41.70	0.05
41.75	0.05
41.80	0.05
41.85	0.05
41.90	0.05
41.95	0.05
42.00	0.05
42.05	0.05
42.10	0.05
42.15	0.05
42.20	0.05
42.25	0.05
42.30	0.05
42.35	0.05
42.40	0.05
42.45	0.05
42.50	0.05
42.55	0.05
42.60	0.05
42.65	0.05
42.70	0.05
42.75	0.05
42.80	0.05
42.85	0.05
42.90	0.05
42.95	0.05
43.00	0.05
43.05	0.05
43.10	0.05
43.15	0.05
43.20	0.05
43.25	0.05
43.30	0.05
43.35	0.05
43.40	0.05
43.45	0.05
43.50	0.05
43.55	0.05
43.60	0.05
43.65	0.05
43.70	0.05
43.75	0.05
43.80	0.05
43.85	0.05
43.90	0.05
43.95	0.05
44.00	0.05
44.05	0.05
44.10	0.05
44.15	0.05
44.20	0.05
44.25	0.05
44.30	0.05
44.35	0.05
44.40	0.05
44.45	0.05
44.50	0.05
44.55	0.05
44.60	0.05
44.65	0.05
44.70	0.05
44.75	0.05
44.80	0.05
44.85	0.05
44.90	0.05
44.95	0.05
45.00	0.05
45.05	0.05
45.10	0.05
45.15	0.05
45.20	0.05
45.25	0.05
45.30	0.05
45.35	0.05
45.40	0.05
45.45	0.05
45.50	0.05
45.55	0.05
45.60	0.05
45.65	0.05
45.70	0.05
45.75	0.05
45.80	0.05
45.85	0.05
45.90	0.05
45.95	0.05
46.00	0.05
46.05	0.05
46.10	0.05
46.15	0.05
46.20	0.05
46.25	0.05
46.30	0.05
46.35	0.05
46.40	0.05
46.45	0.05
46.50	0.05
46.55	0.05
46.60	0.05
46.65	0.05
46.70	0.05
46.75	0.05
46.80	0.05
46.85	0.05
46.90	0.05
46.95	0.05
47.00	0.05
47.05	0.05
47.10	0.05
47.15	0.05
47.20	0.05
47.25	0.05
47.30	0.05
47.35	0.05
47.40	0.05
47.45	0.05
47.50	0.05
47.55	0.05
47.60	0.05
47.65	0.05
47.70	0.05
47.75	0.05
47.80	0.05
47.85	0.05
47.90	0.05
47.95	0.05
48.00	0.05
48.05	0.05
48.10	0.05
48.15	0.05
48.20	0.05
48.25	0.05
48.30	0.05
48.35	0.05
48.40	0.05
48.45	0.05
48.50	0.05
48.55	0.05
48.60	0.05
48.65	0.05
48.70	0.05
48.75	0.05
48.80	0.05
48.85	0.05
48.90	0.05
48.95	0.05
49.00	0.05
49.05	0.05
49.10	0.05
49.15	0.05
49.20	0.05
49.25	0.05
49.30	0.05
49.35	0.05
49.40	0.05
49.45	0.05
49.50	0.05
49.55	0.05
49.60	0.05
49.65	0.05
49.70	0.05
49.75	0.05
49.80	0.05
49.85	0.05
49.90	0.05
49.95	0.05
50.00	0.05
50.05	0.05
50.10	0.05
50.15	0.05
50.20	0.05
50.25	0.05
50.30	0.05
50.35	0.05
50.40	0.05
50.45	0.05
50.50	0.05
50.55	0.05
50.60	0.05
50.65	0.05
50.70	0.05
50.75	0.05
50.80	0.05
50.85	0.05
50.90	0.05
50.95	0.05
51.00	0.05
51.05	0.05
51.10	0.05
51.15	0.05
51.20	0.05
51.25	0.05
51.30	0.05
51.35	0.05
51.40	0.05
51.45	0.05
51.50	0.05
51.55	0.05
51.60	0.05
51.65	0.05
51.70	0.05
51.75	0.05
51.80	0.05
51.85	0.05
51.90	0.05
51.95	0.05
52.00	0.05
52.05	0.05
52.10	0.05
52.15	0.05
52.20	0.05
52.25	0.05
52.30	0.05
52.35	0.05
52.40	0.05
52.45	0.05
52.50	0.05
52.55	0.05
52.60	0.05
52.65	0.05
52.70	0.05
52.75	0.05
52.80	0.05
52.85	0.05
52.90	0.05
52.95	0.05
53.00	0.05
53.05	0.05
53.10	0.05
53.15	0.05
53.20	0.05
53.25	0.05
53.30	0.05
53.35	0.05
53.40	0.05
53.45	0.05
53.50	0.05
53.55	0.05
53.60	0.05
53.65	0.05
53.70	0.05
53.75	0.05
53.80	0.05
53.85	0.05
53.90	0.05
53.95	0.05
54.00	0.05
54.05	0.05
54.10	0.05
54.15	0.05
54.20	0.05
54.25	0.05
54.30	0.05
54.35	0.05
54.40	0.05
54.45	0.05
54.50	0.05
54.55	0.05
54.60	0.05
54.65	0.05
54.70	0.05
54.75	0.05
54.80	0.05
54.85	0.05
54.90	0.05
54.95	0.05
55.00	0.05
55.05	0.05
55.10	0.05
55.15	0.05
55.20	0.05
55.25	0.05
55.30	0.05
55.35	0.05
55.40	0.05
55.45	0.05
55.50	0.05
55.55	0.05
55.60	0.05
55.65	0.05
55.70	0.05
55.75	0.05
55.80	0.05
55.85	0.05
55.90	0.05
55.95	0.05
56.00	0.05
56.05	0.05
56.10	0.05
56.15	0.05
56.20	0.05
56.25	0.05
56.30	0.05
56.35	0.05
56.40	0.05
56.45	0.05
56.50	0.05
56.55	0.05
56.60	0.05
56.65	0.05
56.70	0.05
56.75	0.05
56.80	0.05
56.85	0.05
56.90	0.05
56.95	0.05
57.00	0.05
57.05	0.05
57.10	0.05
57.15	0.05
57.20	0.05
57.25	0.05
57.30	0.05
57.35	0.05
57.40	0.05
57.45	0.05
57.50	0.05
57.55	0.05
57.60	0.05
57.65	0.05
57.70	0.05
57.75	0.05
57.80	0.05
57.85	0.05
57.90	0.05
57.95	0.05
58.00	0.05
58.05	0.05
58.10	0.05
58.15	0.05
58.20	0.05
58.25	0.05
58.30	0.05
58.35	0.05
58.40	0.05
58.45	0.05
58.50	0.05
58.55	0.05
58.60	0.05
58.65	0.05
58.70	0.05
58.75	0.05
58.80	0.05
58.85	0.05
58.90	0.05
58.95	0.05
59.00	0.05
59.05	0.05
59.10	0.05
59.15	0.05
59.20	0.05
59.25	0.05
59.30	0.05
59.35	0.05
59.40	0.05
59.45	0.05
59.50	0.05
59.55	0.05
59.60	0.05
59.65	0.05
59.70	0.05
59.75	0.05
59.80	0.05
59.85	0.05
59.90	0.05
59.95	0.05
60.00	0.05
60.05	0.05
60.10	0.05
60.15	0.05
60.20	0.05
60.25	0.05
60.30	0.05
60.35	0.05
60.40	0.05
60.45	0.05
60.50	0.05
60.55	0.05
60.60	0.05
60.65	0.05
60.70	0.05
60.75	0.05
60.80	0.05
60.85	0.05
60.90	0.05
60.95	0.05
61.00	0.05
61.05	0.05
61.10	0.05
61.15	0.05
61.20	0.05
61.25	0.05
61.30	0.05
61.35	0.05
61.40	0.05
61.45	0.05
61.50	0.05
61.55	0.05
61.60	0.05
61.65	0.05
61.70	0.05
61.75	0.05
61.80	0.05
61.85	0.05
61.90	0.05
61.95	0.05
62.00	0.05
62.05	0.05
62.10	0.05
62.15	0.05
62.20	0.05
62.25	0.05
62.30	0.05
62.35	0.05
62.40	0.05
62.45	0.05
62.50	0.05
62.55	0.05
62.60	0.05
62.65	0.05
62.70	0.05
62.75	0.05
62.80	0.05
62.85	0.05
62.90	0.05
62.95	0.05
63.00	0.05
63.05	0.05
63.10	0.05
63.15	0.05
63.20	0.05
63.25	0.05
63.30	0.05
63.35	0.05
63.40	0.05
63.45	0.05
63.50	0.05
63.55	0.05
63.60	0.05
63.65	0.05
63.70	0.05
63.75	0.05
63.80	0.05
63.85	0.05
63.90	0.05
63.95	0.05
64.00	0.05
64.05	0.05
64.10	0.05
64.15	0.05
64.20	0.05
64.25	0.05
64.30	0.05
64.35	0.05
64.40	0.05
64.45	0.05
64.50	0.05
64.55	0.05
64.60	0.05
64.65	0.05
64.70	0.05
64.75	0.05
64.80	0.05
64.85	0.05
64.90	0.05
64.95	0.05
65.00	0.05
65.05	0.05
65.10	0.05
65.15	0.05
65.20	0.05
65.25	0.05
65.30	0.05
65.35	0.05
65.40	0.05
65.45	0.05
65.50	0.05
65.55	0.05
65.60	0.05
65.65	0.05
65.70	0.05
65.75	0.05
65.80	0.05
65.85	0.05
65.90	0.05
65.95	0.05
66.00	0.05
66.05	0.05
66.10	0.05
66.15	0.05
66.20	0.05
66.25	0.05
66.30	0.05
66.35	0.05
66.40	0.05
66.45	0.05
66.50	0.05
66.55	0.05
66.60	0.05
66.65	0.05
66.70	0.05
66.75	0.05
66.80	0.05
66.85	0.05
66.90	0.05
66.95	0.05
67.00	0.05
67.05	0.05
67.10	0.05
67.15	0.05
67.20	0.05
67.25	0.05
67.30	0.05
67.35	0.05
67.40	0.05
67.45	0.05
67.50	0.05
67.55	0.05
67.60	0.05
67.65	0.05
67.70	0.05
67.75	0.05
67.80	0.05
67.85	0.05
67.90	0.05
67.95	0.05
68.00	0.05
68.05	0.05
68.10	0.05
68.15	0.05
68.20	0.05
68.25	0.05
68.30	0.05
68.35	0.05
68.40	0.05
68.45	0.05
68.50	0.05
68.55	0.05
68.60	0.05
68.65	0.05
68.70	0.05
68.75	0.05
68.80	0.05
68.85	0.05
68.90	0.05
68.95	0.05
69.00	0.05
69.05	0.05
69.10	0.05
69.15	0.05
69.20	0.05
69.25	0.05
69.30	0.05
69.35	0.05
69.40	0.05
69.45	0.05
69.50	0.05
69.55	0.05
69.60	0.05
69.65	0.05
69.70	0.05
69.75	0.05
69.80	0.05
69.85	0.05
69.90	0.05
69.95	0.05
70.00	0.05
70.05	0.05
70.10	0.05
70.15	0.05
70.20	0.05
70.25	0.05
70.30	0.05
70.35	0.05
70.40	0.05
70.45	0.05
70.50	0.05
70.55	0.05
70.60	0.05
70.65	0.05
70.70	0.05
70.75	0.05
70.80	0.05
70.85	0.05
70.90	0.05
70.95	0.05
71.00	0.05
71.05	0.05
71.10	0.05
71.15	0.05
71.20	0.05
71.25	0.05
71.30	0.05
71.35	0.05
71.40	0.05
71.45	0.05
71.50	0.05
71.55	0.05
71.60	0.05
71.65	0.05
71.70	0.05
71.75	0.05
71.80	0.05
71.85	0.05
71.90	0.05
71.95	0.05
72.00	0.05
72.05	0.05
72.10	0.05
72.15	0.05
72.20	0.05
72.25	0.05
72.30	0.05
72.35	0.05
72.40	0.05
72.45	0.05
72.50	0.05
72.55	0.05
72.60	0.05
72.65	0.05
72.70	0.05
72.75	0.05
72.80	0.05
72.85	0.05
72.90	0.05
72.95	0.05
73.00	0.05
73.05	0.05
73.10	0.05
73.15	0.05
73.20	0.05
73.25	0.05
73.30	0.05
73.35	0.05
73.40	0.05
73.45	0.05
73.50	0.05
73.55	0.05
73.60	0.05
73.65	0.05
73.70	0.05
73.75	0.05
73.80	0.05
73.85	0.05
73.90	0.05
73.95	0.05
74.00	0.05
74.05	0.05
74.10	0.05
74.15	0.05
74.20	0.05
74.25	0.05
74.30	0.05
74.35	0.05
74.40	0.05
74.45	0.05
74.50	0.05
74.55	0.05
74.60	0.05
74.65	0.05
74.70	0.05
74.75	0.05
74.80	0.05
74.85	0.05
74.90	0.05
74.95	0.05
75.00	0.05
75.05	0.05
75.10	0.05
75.15	0.05
75.20	0.05
75.25	0.05
75.30	0.05
75.35	0.05
75.40	0.05
75.45	0.05
75.50	0.05
75.55	0.05
75.60	0.05
75.65	0.05
75.70	0.05
75.75	0.05
75.80	0.05
75.85	0.05
75.90	0.05
75.95	0.05
76.00	0.05
76.05	0.05
76.10	0.05
76.15	0.05
76.20	0.05
76.25	0.05
76.30	0.05
76.35	0.05
76.40	0.05
76.45	0.05
76.50	0.05
76.55	0.05
76.60	0.05
76.65	0.05
76.70	0.05
76.75	0.05
76.80	0.05
76.85	0.05
76.90	0.05
76.95	0.05
77.00	0.05
77.05	0.05
77.10	0.05
77.15	0.05
77.20	0.05
77.25	0.05
77.30	0.05
77.35	0.05
77.40	0.05
77.45	0.05
77.50	0.05
77.55	0.05
77.60	0.05
77.65	0.05
77.70	0.05
77.75	0.05
77.80	0.05
77.85	0.05
77.90	0.05
77.95	0.05
78.00	0.05
78.05	0.05
78.10	0.05
78.15	0.05
78.20	0.05
78.25	0.05
78.30	0.05
78.35	0.05
78.40	0.05
78.45	0.05
78.50	0.05
78.55	0.05
78.60	0.05
78.65	0.05
78.70	0.05
78.75	0.05
78.80	0.05
78.85	0.05
78.90	0.05
78.95	0.05
79.00	0.05
79.05	0.05
79.10	0.05
79.15	0.05
79.20	0.05
79.25	0.05
79.30	0.05
79.35	0.05
79.40	0.05
79.45	0.05
79.50	0.05
79.55	0.05
79.60	0.05
79.65	0.05
79.70	0.05
79.75	0.05
79.80	0.05
79.85	0.05
79.90	0.05
79.95	0.05
80.00	0.05
80.05	0.05
80.10	0.05
80.15	0.05
80.20	0.05
80.25	0.05
80.30	0.05
80.35	0.05
80.40	0.05
80.45	0.05
80.50	0.05
80.55	0.05
80.60	0.05
80.65	0.05
80.70	0.05
80.75	0.05
80.80	0.05
80.85	0.05
80.90	0.05
80.95	0.05
81.00	0.05
81.05	0.05
81.10	0.05
81.15	0.05
81.20	0.05
81.25	0.05
81.30	0.05
81.35	0.05
81.40	0.05
81.45	0.05
81.50	0.05
81.55	0.05
81.60	0.05
81.65	0.05
81.70	0.05
81.75	0.05
81.80	0.05
81.85	0.05
81.90	0.05
81.95	0.05
82.00	0.05
82.05	0.05
82.10	0.05
82.15	0.05
82.20	0.05
82.25	0.05
82.30	0.05
82.35	0.05
82.40	0.05
82.45	0.05
82.50	0.05
82.55	0.05
82.60	0.05
82.65	0.05
82.70	0.05
82.75	0.05
82.80	0.05
82.85	0.05
82.90	0.05
82.95	0.05
83.00	0.05
83.05	0.05
83.10	0.05
83.15	0.05
83.20	0.05
83.25	0.05
83.30	0.05
83.35	0.05
83.40	0.05
83.45	0.05
83.50	0.05
83.55	0.05
83.60	0.05
83.65	0.05
83.70	0.05
83.75	0.05
83.80	0.05
83.85	0.05
83.90	0.05
83.95	0.05
84.00	0.05
84.05	0.05
84.10	0.05
84.15	0.05
84.20	0.05
84.25	0.05
84.30	0.05
84.35	0.05
84.40	0.05
84.45	0.05
84.50	0.05
84.55	0.05
84.60	0.05
84.65	0.05
84.70	0.05
84.75	0.05
84.80	0.05
84.85	0.05
84.90	0.05
84.95	0.05
85.00	0.05
85.05	0.05
85.10	0.05
85.15	0.05
85.20	0.05
85.25	0.05
85.30	0.05
85.35	0.05
85.40	0.05
85.45	0.05
85.50	0.05
85.55	0.05
85.60	0.05
85.65	0.05
85.70	0.05
85.75	0.05
85.80	0.05
85.85	0.05
85.90	0.05
85.95	0.05
86.00	0.05
86.05	0.05
86.10	0.05
86.15	0.05
86.20	0.05
86.25	0.05
86.30	0.05
86.35	0.05
86.40	0.05
86.45	0.05
86.50	0.05
86.55	0.05
86.60	0.05
86.65	0.05
86.70	0.05
86.75	0.05
86.80	0.05
86.85	0.05
86.90	0.05
86.95	0.05
87.00	0.05
87.05	0.05
87.10	0.05
87.15	0.05
87.20	0.05
87.25	0.05
87.30	0.05
87.35	0.05
87.40	0.05
87.45	0.05
87.50	0.05
87.55	0.05
87.60	0.05
87.65	0.05
87.70	0.05
87.75	0.05
87.80	0.05
87.85	0.05
87.90	0.05
87.95	0.05
88.00	0.05
88.05	0.05
88.10	0.05
88.15	0.05
88.20	0.05
88.25	0.05
88.30	0.05
88.35	0.05
88.40	0.05
88.45	0.05
88.50	0.05
88.55	0.05
88.60	0.05
88.65	0.05
88.70	0.05
88.75	0.05
88.80	0.05
88.85	0.05
88.90	0.05
88.95	0.05
89.00	0.05
89.05	0.05
89.10	0.05
89.15	0.05
89.20	0.05
89.25	0.05
89.30	0.05
89.35	0.05
89.40	0.05
89.45	0.05
89.50	0.05
89.55	0.05
89.60	0.05
89.65	0.05
89.70	0.05
89.75	0.05
89.80	0.05
89.85	0.05
89.90	0.05
89.95	0.05
90.00	0.05
90.05	0.05
90.10	0.05
90.15	0.05
90.20	0.05
90.25	0.05
90.30	0.05
90.35	0.05
90.40	0.05
90.45	0.05
90.50	0.05
90.55	0.05
90.60	0.05
90.65	0.05
90.70	0.05
90.75	0.05
90.80	0.05
90.85	0.05
90.90	0.05
90.95	0.05
91.00	0.05
91.05	0.05
91.10	0.05
91.15	0.05
91.20	0.05
91.25	0.05
91.30	0.05
91.35	0.05
91.40	0.05
91.45	0.05
91.50	0.05
91.55	0.05
91.60	0.05
91.65	0.05
91.70	0.05
91.75	0.05
91.80	0.05
91.85	0.05
91.90	0.05
91.95	0.05
92.00	0.05
92.05	0.05
92.10	0.05
92.15	0.05
92.20	0.05
92.25	0.05
92.30	0.05
92.35	0.05
92.40	0.05
92.45	0.05
92.50	0.05
92.55	0.05
92.60	0.05
92.65	0.05
92.70	0.05
92.75	0.05
92.80	0.05
92.85	0.05
92.90	0.05
92.95	0.05
93.00	0.05
93.05	0.05
93.10	0.05
93.15	0.05
93.20	0.05
93.25	0.05
93.30	0.05
93.35	0.05
93.40	0.05
93.45	0.05
93.50	0.05
93.55	0.05
93.60	0.05
93.65	0.05
93.70	0.05
93.75	0.05
93.80	0.05
93.85	0.05
93.90	0.05
93.95	0.05
94.00	0.05
94.05	0.05
94.10	0.05
94.15	0.05
94.20	0.05
94.25	0.05
94.30	0.05
94.35	0.05
94.40	0.05
94.45	0.05
94.50	0.05
94.55	0.05
94.60	0.05
94.65	0.05
94.70	0.05
94.75	0.05
94.80	0.05
94.85	0.05
94.90	0.05
94.95	0.05
95.00	0.05
95.05	0.05
95.10	0.05
95.15	0.05
95.20	0.05
95.25	0.05
95.30	0.05
95.35	0.05
95.40	0.05
95.45	0.05
95.50	0.05
95.55	0.05
95.60	0.05
95.65	0.05
95.70	0.05
95.75	0.05
95.80	0.05
95.85	0.05
95.90	0.05
95.95	0.05
96.00	0.05
96.05	0.05
96.10	0.05
96.15	0.05
96.20	0.05
96.25	0.05
96.30	0.05
96.35	0.05
96.40	0.05
96.45	0.05
96.50	0.05
96.55	0.05
96.60	0.05
96.65	0.05
96.70	0.05
96.75	0.05
96.80	0.05
96.85	0.05
96.90	0.05
96.95	0.05
97.00	0.05
97.05	0.05
97.10	0.05
97.15	0.05
97.20	0.05
97.25	0.05
97.30	0.05
97.35	0.05
97.40	0.05
97.45	0.05
97.50	0.05
97.55	0.05
97.60	0.05
97.65	0.05
97.70	0.05
97.75	0.05
97.80	0.05
97.85	0.05
97.90	0.05
97.95	0.05
98.00	0.05
98.05	0.05
98.10	0.05
98.15	0.05
98.20	0.05
98.25	0.05
98.30	0.05
98.35	0.05
98.40	0.05
98.45	0.05
98.50	0.05
98.55	0.05
98.60	0.05
98.65	0.05
98.70	0.05
98.75	0.05
98.80	0.05
98.85	0.05
98.90	0.05
98.95	0.05
99.00	0.05
99.05	0.05
99.10	0.05
99.15	0.05
99.20	0.05
99.25	0.05
99.30	0.05
99.35	0.05
99.40	0.05
99.45	0.05
99.50	0.05
99.55	0.05
99.60	0.05
99.65	0.05
99.70	0.05
99.75	0.05
99.80	0.05
99.85	0.05
99.90	0.05
99.95	0.05
100.00	0.05
100.05	0.05
100.10	0.05
100.15	0.05
100.20	0.05
100.25	0.05
100.30	0.05
100.35	0.05
100.40	0.05
100.45	0.05
100.50	0.05
100.55	0.05
100.60	0.05
100.65	0.05
100.70	0.05
100.75	0.05
100.80	0.05
100.85	0.05
100.90	0.05
100.95	0.05
101.00	0.05
101.05	0.05
101.10	0.05
101.15	0.05
101.20	0.05
101.25	0.05
101.30	0.05
101.35	0.05
101.40	0.05
101.45	0.05
101.50	0.05
101.55	0.05
101.60	0.05
101.65	0.05
101.70	0.05
101.75	0.05
101.80	0.05
101.85	0.05
101.90	0.05
101.95	0.05
102.00	0.05
102.05	0.05
102.10	0.05
102.15	0.05
102.20	0.05
102.25	0.05
102.30	0.05
102.35	0.05
102.40	0.05
102.45	0.05
102.50	0.05
102.55	0.05
102.60	0.05
102.65	0.05
102.70	0.05
102.75	0.05
102.80	0.05
102.85	0.05
102.90	0.05
102.95	0.05
103.00	0.05
103.05	0.05
103.10	0.05
103.15	0.05
103.20	0.05
103.25	0.05
103.30	0.05
103.35	0.05
103.40	0.05
103.45	0.05
103.50	0.05
103.55	0.05
103.60	0.05
103.65	0.05
103.70	0.05
103.75	0.05
103.80	0.05
103.85	0.05
103.90	0.05
103.95	0.05
104.00	0.05
104.05	0.05
104.10	0.05
104.15	0.05
104.20	0.05
104.25	0.05
104.30	0.05
104.35	0.05
104.40	0.05
104.45	0.05
104.50	0.05
104.55	0.05
104.60	0.05
104.65	0.05
104.70	0.05
104.75	0.05
104.80	0.05
104.85	0.05
104.90	0.05
104.95	0.05
105.00	0.05
105.05	0.05
105.10	0.05
105.15	0.05
105.20	0.05
105.25	0.05
105.30	0.05
105.35	0.05
105.40	0.05
105.45	0.05
105.50	0.05
105.55	0.05
105.60	0.05
105.65	0.05
105.70	0.05
105.75	0.05
105.80	0.05
105.85	0.05
105.90	0.05
105.95	0.05
106.00	0.05
106.05	0.05
106.10	0.05
106.15	0.05
106.20	0.05
106.25	0.05
106.30	0.05
106.35	0.05
106.40	0.05
106.45	0.05
106.50	0.05
106.55	0.05
106.60	0.05
106.65	0.05
106.70	0.05
106.75	0.05
106.80	0.05
106.85	0.05
106.90	0.05
106.95	0.05
107.00	0.05
107.05	0.05
107.10	0.05
107.15	0.05
107.20	0.05
107.25	0.05
107.30	0.05
107.35	0.05
107.40	0.05
107.45	0.05
107.50	0.05
107.55	0.05
107.60	0.05
107.65	0.05
107.70	0.05
107.75	0.05
107.80	0.05
107.85	0.05
107.90	0.05
107.95	0.05
108.00	0.05
108.05	0.05
108.10	0.05
108.15	0.05
108.20	0.05
108.25	0.05
108.30	0.05
108.35	0.05
108.40	0.05
108.45	0.05
108.50	0.05
108.55	0.05
108.60	0.05
108.65	0.05
108.70	0.05
108.75	0.05
108.80	0.05
108.85	0.05
108.90	0.05
108.95	0.05
109.00	0.05
109.05	0.05
109.10	0.05
109.15	0.05
109.20	0.05
109.25	0.05
109.30	0.05
109.35	0.05
109.40	0.05
109.45	0.05
109.50	0.05
109.55	0.05
109.60	0.05
109.65	0.05
109.70	0.05
109.75	0.05
109.80	0.05
109.85	0.05
109.90	0.05
109.95	0.05
110.00	0.05
110.05	0.05
110.10	0.05
110.15	0.05
110.20	0.05
110.25	0.05
110.30	0.05
110.35	0.05
110.40	0.05
110.45	0.05
110.50	0.05
110.55	0.05
110.60	0.05
110.65	0.05
110.70	0.05
110.75	0.05
110.80	0.05
110.85	0.05
110.90	0.05
110.95	0.05
111.00	0.05
111.05	0.05
111.10	0.05
111.15	0.05
111.20	0.05
111.25	0.05
111.30	0.05
111.35	0.05
111.40	0.05
111.45	0.05
111.50	0.05
111.55	0.05
111.60	0.05
111.65	0.05
111.70	0.05
111.75	0.05
111.80	0.05
111.85	0.05
111.90	0.05
111.95	0.05
112.00	0.05
112.05	0.05
112.10	0.05
112.15	0.05
112.20	0.05
112.25	0.05
112.30	0.05
112.35	0.05
112.40	0.05
112.45	0.05
112.50	0.05
112.55	0.05
112.60	0.05
112.65	0.05
112.70	0.05
112.75	0.05
112.80	0.05
112.85	0.05
112.90	0.05
112.95	0.05
113.00	0.05
113.05	0.05
113.10	0.05
113.15	0.05
113.20	0.05
113.25	0.05
113.30	0.05
113.35	0.05
113.40	0.05
113.45	0.05
113.50	0.05
113.55	0.05
113.60	0.05
113.65	0.05
113.70	0.05
113.75	0.05
113.80	0.05
113.85	0.05
113.90	0.05
113.95	0.05
114.00	0.05
114.05	0.05
114.10	0.05
114.15	0.05
114.20	0.05
114.25	0.05
114.30	0.05
114.35	0.05
114.40	0.05
114.45	0.05
114.50	0.05
114.55	0.05
114.60	0.05
114.65	0.05
114.70	0.05
114.75	0.05
114.80	0.05
114.85	0.05
114.90	0.05
114.95	0.05
115.00	0.05
115.05	0.05
115.10	0.05
115.15	0.05
115.20	0.05
115.25	0.05
115.30	0.05
115.35	0.05
115.40	0.05
115.45	0.05
115.50	0.05
115.55	0.05
115.60	0.05
115.65	0.05
115.70	0.05
115.75	0.05
115.80	0.05
115.85	0.05
115.90	0.05
115.95	0.05
116.00	0.05
116.05	0.05
116.10	0.05
116.15	0.05
116.20	0.05
116.25	0.05
116.30	0.05
116.35	0.05
116.40	0.05
116.45	0.05
116.50	0.05
116.55	0.05
116.60	0.05
116.65	0.05
116.70	0.05
116.75	0.05
116.80	0.05
116.85	0.05
116.90	0.05
116.95	0.05
117.00	0.05
117.05	0.05
117.10	0.05
117.15	0.05
117.20	0.05
117.25	0.05
117.30	0.05
117.35	0.05
117.40	0.05
117.45	0.05
117.50	0.05
117.55	0.05
117.60	0.05
117.65	0.05
117.70	0.05
117.75	0.05
117.80	0.05
117.85	0.05
117.90	0.05
117.95	0.05
118.00	0.05
118.05	0.05
118.10	0.05
118.15	0.05
118.20	0.05
118.25	0.05
118.30	0.05
118.35	0.05
118.40	0.05
118.45	0.05
118.50	0.05
118.55	0.05
118.60	0.05
118.65	0.05
118.70	0.05
118.75	0.05
118.80	0.05
118.85	0.05
118.90	0.05
118.95	0.05
119.00	0.05
119.05	0.05
119.10	0.05
119.15	0.05
119.20	0.05
119.25	0.05
119.30	0.05
119.35	0.05
119.40	0.05
119.45	0.05
119.50	0.05
119.55	0.05
119.60	0.05
119.65	0.05
119.70	0.05
119.75	0.05
119.80	0.05
119.85	0.05
119.90	0.05
119.95	0.05
120.00	0.05
120.05	0.05
120.10	0.05
120.15	0.05
120.20	0.05
120.25	0.05
120.30	0.05
120.35	0.05
120.40	0.05
120.45	0.05
120.50	0.05
120.55	0.05
120.60	0.05
120.65	0.05
120.70	0.05
120.75	0.05
120.80	0.05
120.85	0.05
120.90	0.05
120.95	0.05
121.00	0.05
121.05	0.05
121.10	0.05
121.15	0.05
121.20	0.05
121.25	0.05
121.30	0.05
121.35	0.05
121.40	0.05
121.45	0.05
121.50	0.05
121.55	0.05
121.60	0.05
121.65	0.05
121.70	0.05
121.75	0.05
121.80	0.05
121.85	0.05
121.90	0.05
121.95	0.05
122.00	0.05
122.05	0.05
122.10	0.05
122.15	0.05
122.20	0.05
122.25	0.05
122.30	0.05
122.35	0.05
122.40	0.05
122.45	0.05
122.50	0.05
122.55	0.05
122.60	0.05
122.65	0.05
122.70	0.05
122.75	0.05
122.80	0.05
122.85	0.05
122.90	0.05
122.95	0.05
123.00	0.05
123.05	0.05
123.10	0.05
123.15	0.05
123.20	0.05
123.25	0.05
123.30	0.05
123.35	0.05
123.40	0.05
123.45	0.05
123.50	0.05
123.55	0.05
123.60	0.05
123.65	0.05
123.70	0.05
123.75	0.05
123.80	0.05
123.85	0.05
123.90	0.05
123.95	0.05
124.00	0.05
124.05	0.05
124.10	0.05
124.15	0.05
124.20	0.05
124.25	0.05
124.30	0.05
124.35	0.05
124.40	0.05
124.45	0.05
124.50	0.05
124.55	0.05
124.60	0.05
124.65	0.05
124.70	0.05
124.75	0.05
124.80	0.05
124.85	0.05
124.90	0.05
124.95	0.05
125.00	0.05
125.05	0.05
125.10	0.05
125.15	0.05
125.20	0.05
125.25	0.05
125.30	0.05
125.35	0.05
125.40	0.05
125.45	0.05
125.50	0.05
125.55	0.05
125.60	0.05
125.65	0.05
125.70	0.05
125.75	0.05
125.80	0.05
125.85	0.05
125.90	0.05
125.95	0.05
126.00	0.05
126.05	0.05
126.10	0.05
126.15	0.05
126.20	0.05
126.25	0.05
126.30	0.05
126.35	0.05
126.40	0.05
126.45	0.05
126.50	0.05
126.55	0.05
126.60	0.05
126.65	0.05
126.70	0.05
126.75	0.05
126.80	0.05
126.85	0.05
126.90	0.05
126.95	0.05
127.00	0.05
127.05	0.05
127.10	0.05
127.15	0.05
127.20	0.05
127.25	0.05
127.30	0.05
127.35	0.05
127.40	0.05
127.45	0.05
127.50	0.05
127.55	0.05
127.60	0.05
127.65	0.05
127.70	0.05
127.75	0.05
127.80	0.05
127.85	0.05
127.90	0.05
127.95	0.05
128.00	0.05
128.05	0.05
128.10	0.05
128.15	0.05
128.20	0.05
128.25	0.05
128.30	0.05
128.35	0.05
128.40	0.05
128.45	0.05
128.50	0.05
128.55	0.05
128.60	0.05
128.65	0.05
128.70	0.05
128.75	0.05
128.80	0.05
128.85	0.05
128.90	0.05
128.95	0.05
129.00	0.05
129.05	0.05
129.10	0.05
129.15	0.05
129.20	0.05
129.25	0.05
129.30	0.05
129.35	0.05
129.40	0.05
129.45	0.05
129.50	0.05
129.55	0.05
129.60	0.05
129.65	0.05
129.70	0.05
129.75	0.05
129.80	0.05
129.85	0.05
129.90	0.05
129.95	0.05
130.00	0.05
130.05	0.05
130.10	0.05
130.15	0.05
130.20	0.05
130.25	0.05
130.30	0.05
130.35	0.05
130.40	0.05
130.45	0.05
130.50	0.05
130.55	0.05
130.60	0.05
130.65	0.05
130.70	0.05
130.75	0.05
130.80	0.05
130.85	0.05
130.90	0.05
130.95	0.05
131.00	0.05
131.05	0.05
131.10	0.05
131.15	0.05
131.20	0.05
131.25	0.05
131.30	0.05
131.35	0.05
131.40	0.05
131.45	0.05
131.50	0.05
131.55	0.05
131.60	0.05
131.65	0.05
131.70	0.05
131.75	0.05
131.80	0.05
131.85	0.05
131.90	0.05
131.95	0.05
132.00	0.05
132.05	0.05
132.10	0.05
132.15	0.05
132.20	0.05
132.25	0.05
132.30	0.05
132.35	0.05
132.40	0.05
132.45	0.05
132.50	0.05
132.55	0.05
132.60	0.05
132.65	0.05
132.70	0.05
132.75	0.05
132.80	0.05
132.85	0.05
132.90	0.05
132.95	0.05
133.00	0.05
133.05	0.05
133.10	0.05
133.15	0.05
133.20	0.05
133.25	0.05
133.30	0.05
133.35	0.05
133.40	0.05
133.45	0.05
133.50	0.05
133.55	0.05
133.60	0.05
133.65	0.05
133.70	0.05
133.75	0.05
133.80	0.05
133.85	0.05
133.90	0.05
133.95	0.05
134.00	0.05
134.05	0.05
134.10	0.05
134.15	0.05
134.20	0.05
134.25	0.05
134.30	0.05
134.35	0.05
134.40	0.05
134.45	0.05
134.50	0.05
134.55	0.05
134.60	0.05
134.65	0.05
134.70	0.05
134.75	0.05
134.80	0.05
134.85	0.05
134.90	0.05
134.95	0.05
135.00	0.05
135.05	0.05
135.10	0.05
135.15	0.05
135.20	0.05
135.25	0.05
135.30	0.05
135.35	0.05
135.40	0.05
135.45	0.05
135.50	0.05
135.55	0.05
135.60	0.05
135.65	0.05
135.70	0.05
135.75	0.05
135.80	0.05
135.85	0.05
135.90	0.05
135.95	0.05
136.00	0.05
136.05	0.05
136.10	0.05
136.15	0.05
136.20	0.05
136.25	0.05
136.30	0.05
136.35	0.05
136.40	0.05
136.45	0.05
136.50	0.05
136.55	0.05
136.60	0.05
136.65	0.05
136.70	0.05
136.75	0.05
136.80	0.05
136.85	0.05
136.90	0.05
136.95	0.05
137.00	0.05
137.05	0.05
137.10	0.05
137.15	0.05
137.20	0.05
137.25	0.05
137.30	0.05
137.35	0.05
137.40	0.05
137.45	0.05
137.50	0.05
137.55	0.05
137.60	0.05
137.65	0.05
137.70	0.05
137.75	0.05
137.80	0.05
137.85	0.05
137.90	0.05
137.95	0.05
138.00	0.05
138.05	0.05
138.10	0.05
138.15	0.05
138.20	0.05
138.25	0.05
138.30	0.05
138.35	0.05
138.40	0.05
138.45	0.05
138.50	0.05
138.55	0.05
138.60	0.05
138.65	0.05
138.70	0.05
138.75	0.05
138.80	0.05
138.85	0.05
138.90	0.05
138.95	0.05
139.00	0.05
139.05	0.05
139.10	0.05
139.15	0.05
139.20	0.05
139.25	0.05
139.30	0.05
139.35	0.05
139.40	0.05
139.45	0.05
139.50	0.05
139.55	0.05
139.60	0.05
139.65	0.05
139.70	0.05
139.75	0.05
139.80	0.05
139.85	0.05
139.90	0.05
139.95	0.05
140.00	0.05
140.05	0.05
140.10	0.05
140.15	0.05
140.20	0.05
140.25	0.05
140.30	0.05
140.35	0.05
140.40	0.05
140.45	0.05
140.50	0.05
140.55	0.05
140.60	0.05
140.65	0.05
140.70	0.05
140.75	0.05
140.80	0.05
140.85	0.05
140.90	0.05
140.95	0.05
141.00	0.05
141.05	0.05
141.10	0.05
141.15	0.05
141.20	0.05
141.25	0.05
141.30	0.05
141.35	0.05
141.40	0.05
141.45	0.05
141.50	0.05
141.55	0.05
141.60	0.05
141.65	0.05
141.70	0.05
141.75	0.05
141.80	0.05
141.85	0.05
141.90	0.05
141.95	0.05
142.00	0.05
142.05	0.05
142.10	0.05
142.15	0.05
142.20	0.05
142.25	0.05
142.30	0.05
142.35	0.05
142.40	0.05
142.45	0.05
142.50	0.05
142.55	0.05
142.60	0.05
142.65	0.05
142.70	0.05
142.75	0.05
142.80	0.05
142.85	0.05
142.90	0.05
142.95	0.05
143.00	0.05
143.05	0.05
143.10	0.05
143.15	0.05
143.20	0.05
143.25	0.05
143.30	0.05
143.35	0.05
143.40	0.05
143.45	0.05
143.50	0.05
143.55	0.05
143.60	0.05
143.65	0.05
143.70	0.05
143.75	0.05
143.80	0.05
143.85	0.05
143.90	0.05
143.95	0.05
144.00	0.05
144.05	0.05
144.10	0.05
144.15	0.05
144.20	0.05
144.25	0.05
144.30	0.05
144.35	0.05
144.40	0.05
144.45	0.05
144.50	0.05
144.55	0.05
144.60	0.05
144.65	0.05
144.70	0.05
144.75	0.05
144.80	0.05
144.85	0.05
144.90	0.05
144.95	0.05
145.00	0.05
145.05	0.05
145.10	0.05
145.15	0.05
145.20	0.05
145.25	0.05
145.30	0.05
145.35	0.05
145.40	0.05
145.45	0.05
145.50	0.05
145.55	0.05
145.60	0.05
145.65	0.05
145.70	0.05
145.75	0.05
145.80	0.05
145.85	0.05
145.90	0.05
145.95	0.05
146.00	0.05
146.05	0.05
146.10	0.05
146.15	0.05
146.20	0.05
146.25	0.05
146.30	0.05
146.35	0.05
146.40	0.05
146.45	0.05
146.50	0.05
146.55	0.05
146.60	0.05
146.65	0.05
146.70	0.05
146.75	0.05
146.80	0.05
146.85	0.05
146.90	0.05
146.95	0.05
147.00	0.05
147.05	0.05
147.10	0.05
147.15	0.05
147.20	0.05
147.25	0.05
147.30	0.05
147.35	0.05
147.40	0.05
147.45	0.05
147.50	0.05
147.55	0.05
147.60	0.05
147.65	0.05
147.70	0.05
147.75	0.05
147.80	0.05
147.85	0.05
147.90	0.05
147.95	0.05
148.00	0.05
148.05	0.05
148.10	0.05
148.15	0.05
148.20	0.05
148.25	0.05
148.30	0.05
148.35	0.05
148.40	0.05
148.45	0.05
148.50	0.05
148.55	0.05
148.60	0.05
148.65	0.05
148.70	0.05
148.75	0.05
148.80	0.05
148.85	0.05
148.90	0.05
148.95	0.05
149.00	0.05
149.05	0.05
149.10	0.05
149.15	0.05
149.20	0.05
149.25	0.05
149.30	0.05
149.35	0.05
149.40	0.05
149.45	0.05
149.50	0.05
149.55	0.05
149.60	0.05
149.65	0.05
149.70	0.05
149.75	0.05
149.80	0.05
149.85	0.05
149.90	0.05
149.95	0.05
150.00	0.05
150.05	0.05
150.10	0.05
150.15	0.05
150.20	0.05
150.25	0.05
150.30	0.05
150.35	0.05
150.40	0.05
150.45	0.05
150.50	0.05
150.55	0.05
150.60	0.05
150.65	0.05
150.70	0.05
150.75	0.05
150.80	0.05
150.85	0.05
150.90	0.05
150.95	0.05
151.00	0.05
151.05	0.05
151.10	0.05
151.15	0.05
151.20	0.05
151.25	0.05
151.30	0.05
151.35	0.05
151.40	0.05
151.45	0.05
151.50	0.05
151.55	0.05
151.60	0.05
151.65	0.05
151.70	0.05
151.75	0.05
151.80	0.05
151.85	0.05
151.90	0.05
151.95	0.05
152.00	0.05
152.05	0.05
152.10	0.05
152.15	0.05
152.20	0.05
152.25	0.05
152.30	0.05
152.35	0.05
152.40	0.05
152.45	0.05
152.50	0.05
152.55	0.05
152.60	0.05
152.65	0.05
152.70	0.05
152.75	0.05
152.80	0.05
152.85	0.05
152.90	0.05
152.95	0.05
153.00	0.05
153.05	0.05
153.10	0.05
153.15	0.05
153.20	0.05
153.25	0.05
153.30	0.05
153.35	0.05
153.40	0.05
153.45	0.05
153.50	0.05
153.55	0.05
153.60	0.05
153.65	0.05
153.70	0.05
153.75	0.05
153.80	0.05
153.85	0.05
153.90	0.05
153.95	0.05
154.00	0.05
154.05	0.05
154.10	0.05
154.15	0.05
154.20	0.05
154.25	0.05
154.30	0.05
154.35	0.05
154.40	0.05
154.45	0.05
154.50	0.05
154.55	0.05
154.60	0.05
154.65	0.05
154.70	0.05
154.75	0.05
154.80	0.05
154.85	0.05
154.90	0.05
154.95	0.05
155.00	0.05
155.05	0.05
155.10	0.05
155.15	0.05
155.20	0.05
155.25	0.05
155.30	0.05
155.35	0.05
155.40	0.05
155.45	0.05
155.50	0.05
155.55	0.05
155.60	0.05
155.65	0.05
155.70	0.05
155.75	0.05
155.80	0.05
155.85	0.05
155.90	0.05
155.95	0.05
156.00	0.05
156.05	0.05
156.10	0.05
156.15	0.05
156.20	0.05
156.25	0.05
156.30	0.05
156.35	0.05
156.40	0.05
156.45	0.05
156.50	0.05
156.55	0.05
156.60	0.05
156.65	0.05
156.70	0.05
156.75	0.05
156.80	0.05
156.85	0.05
156.90	0.05
156.95	0.05
157.00	0.05
157.05	0.05
157.10	0.05
157.15	0.05
157.20	0.05
157.25	0.05
157.30	0.05
157.35	0.05
157.40	0.05
157.45	0.05
157.50	0.05
157.55	0.05
157.60	0.05
157.65	0.05
157.70	0.05
157.75	0.05
157.80	0.05
157.85	0.05
157.90	0.05
157.95	0.05
158.00	0.05
158.05	0.05
158.10	0.05
158.15	0.05
158.20	0.05
158.25	0.05
158.30	0.05
158.35	0.05
158.40	0.05
158.45	0.05
158.50	0.05
158.55	0.05
158.60	0.05
158.65	0.05
158.70	0.05
158.75	0.05
158.80	0.05
158.85	0.05
158.90	0.05
158.95	0.05
159.00	0.05
159.05	0.05
159.10	0.05
159.15	0.05
159.20	0.05
159.25	0.05
159.30	0.05
159.35	0.05
159.40	0.05
159.45	0.05
159.50	0.05
159.55	0.05
159.60	0.05
159.65	0.05
159.70	0.05
159.75	0.05
159.80	0.05
159.85	0.05
159.90	0.05
159.95	0.05
160.00	0.05
160.05	0.05
160.10	0.05
160.15	0.05
160.20	0.05
160.25	0.05
160.30	0.05
160.35	0.05
160.40	0.05
160.45	0.05
160.50	0.05
160.55	0.05
160.60	0.05
160.65	0.05
160.70	0.05
160.75	0.05
160.80	0.05
160.85	0.05
160.90	0.05
160.95	0.05
161.00	0.05
161.05	0.05
161.10	0.05
161.15	0.05
161.20	0.05
161.25	0.05
161.30	0.05
161.35	0.05
161.40	0.05
161.45	0.05
161.50	0.05
161.55	0.05
161.60	0.05
161.65	0.05
161.70	0.05
161.75	0.05
161.80	0.05
161.85	0.05
161.90	0.05
161.95	0.05
162.00	0.05
162.05	0.05
162.10	0.05
162.15	0.05
162.20	0.05
162.25	0.05
162.30	0.05
162.35	0.05
162.40	0.05
162.45	0.05
162.50	0.05
162.55	0.05
162.60	0.05
162.65	0.05
162.70	0.05
162.75	0.05
162.80	0.05
162.85	0.05
162.90	0.05
162.95	0.05
163.00	0.05
163.05	0.05
163.10	0.05
163.15	0.05
163.20	0.05
163.25	0.05
163.30	0.05
163.35	0.05
163.40	0.05
163.45	0.05
163.50	0.05
163.55	0.05
163.60	0.05
163.65	0.05
163.70	0.05
163.75	0.05
163.80	0.05
163.85	0.05
163.90	0.05
163.95	0.05
164.00	0.05
164.05	0.05
164.10	0.05
164.15	0.05
164.20	0.05
164.25	0.05
164.30	0.05
164.35	0.05
164.40	0.05
164.45	0.05
164.50	0.05
164.55	0.05
164.60	0.05
164.65	0.05
164.70	0.05
164.75	0.05
164.80	0.05
164.85	0.05
164.90	0.05
164.95	0.05
165.00	0.05
165.05	0.05
165.10	0.05
165.15	0.05
165.20	0.05
165.25	0.05
165.30	0.05
165.35	0.05
165.40	0.05
165.45	0.05
165.50	0.05
165.55	0.05
165.60	0.05
165.65	0.05
165.70	0.05
165.75	0.05
165.80	0.05
165.85	0.05
165.90	0.05
165.95	0.05
166.00	0.05
166.05	0.05
166.10	0.05
166.15	0.05
166.20	0.05
166.25	0.05
166.30	0.05
166.35	0.05
166.40	0.05
166.45	0.05
166.50	0.05
166.55	0.05
166.60	0.05
166.65	0.05
166.70	0.05
166.75	0.05
166.80	0.05
166.85	0.05
166.90	0.05
166.95	0.05
167.00	0.05
167.05	0.05
167.10	0.05
167.15	0.05
167.20	0.05
167.25	0.05
167.30	0.05
167.35	0.05
167.40	0.05
167.45	0.05
167.50	0.05
167.55	0.05
167.60	0.05
167.65	0.05
167.70	0.05
167.75	0.05
167.80	0.05
167.85	0.05
167.90	0.05
167.95	0.05
168.00	0.05
168.05	0.05
168.10	0.05
168.15	0.05
168.20	0.05
168.25	0.05
168.30	0.05
168.35	0.05
168.40	0.05
168.45	0.05
168.50	0.05
168.55	0.05
168.60	0.05
168.65	0.05
168.70	0.05
168.75	0.05
168.80	0.05
168.85	0.05
168.90	0.05
168.95	0.05
169.00	0.05
169.05	0.05
169.10	0.05
169.15	0.05
169.20	0.05
169.25	0.05
169.30	0.05
169.35	0.05
169.40	0.05
169.45	0.05
169.50	0.05
169.55	0.05
169.60	0.05
169.65	0.05
169.70	0.05
169.75	0.05
169.80	0.05
169.85	0.05
169.90	0.05
169.95	0.05
170.00	0.05
170.05	0.05
170.10	0.05
170.15	0.05
170.20	0.05
170.25	0.05
170.30	0.05
170.35	0.05
170.40	0.05
170.45	0.05
170.50	0.05
170.55	0.05
170.60	0.05
170.65	0.05
170.70	0.05
170.75	0.05
170.80	0.05
170.85	0.05
170.90	0.05
170.95	0.05
171.00	0.05
171.05	0.05
171.10	0.05
171.15	0.05
171.20	0.05
171.25	0.05
171.30	0.05
171.35	0.05
171.40	0.05
171.45	0.05
171.50	0.05
171.55	0.05
171.60	0.05
171.65	0.05
171.70	0.05
171.75	0.05
171.80	0.05
171.85	0.05
171.90	0.05
171.95	0.05
172.00	0.05
172.05	0.05
172.10	0.05
172.15	0.05
172.20	0.05
172.25	0.05
172.30	0.05
172.35	0.05
172.40	0.05
172.45	0.05
172.50	0.05
172.55	0.05
172.60	0.05
172.65	0.05
172.70	0.05
172.75	0.05
172.80	0.05
172.85	0.05
172.90	0.05
172.95	0.05
173.00	0.05
173.05	0.05
173.10	0.05
173.15	0.05
173.20	0.05
173.25	0.05
173.30	0.05
173.35	0.05
173.40	0.05
173.45	0.05
173.50	0.05
173.55	0.05
173.60	0.05
173.65	0.05
173.70	0.05
173.75	0.05
173.80	0.05
173.85	0.05
173.90	0.05
173.95	0.05
174.00	0.05
174.05	0.05
174.10	0.05
174.15	0.05
174.20	0.05
174.25	0.05
174.30	0.05
174.35	0.05
174.40	0.05
174.45	0.05
174.50	0.05
174.55	0.05
174.60	0.05
174.65	0.05
174.70	0.05
174.75	0.05
174.80	0.05
174.85	0.05
174.90	0.05
174.95	0.05
175.00	0.05
175.05	0.05
175.10	0.05
175.15	0.05
175.20	0.05
175.25	0.05
175.30	0.05
175.35	0.05
175.40	0.05
175.45	0.05
175.50	0.05
175.55	0.05
175.60	0.05
175.65	0.05
175.70	0.05
175.75	0.05
175.80	0.05
175.85	0.05
175.90	0.05
175.95	0.05
176.00	0.05
176.05	0.05
176.10	0.05
176.15	0.05
176.20	0.05
176.25	0.05
176.30	0.05
176.35	0.05
176.40	0.05
176.45	0.05
176.50	0.05
176.55	0.05
176.60	0.05
176.65	0.05
176.70	0.05
176.75	0.05
176.80	0.05
176.85	0.05
176.90	0.05
176.95	0.05
177.00	0.05
177.05	0.05
177.10	0.05
177.15	0.05
177.20	0.05
177.25	0.05
177.30	0.05
177.35	0.05
177.40	0.05
177.45	0.05
177.50	0.05
177.55	0.05
177.60	0.05
177.65	0.05
177.70	0.05
177.75	0.05
177.80	0.05
177.85	0.05
177.90	0.05
177.95	0.05
178.00	0.05
178.05	0.05
178.10	0.05
178.15	0.05
178.20	0.05
178.25	0.05
178.30	0.05
178.35	0.05
178.40	0.05
178.45	0.05
178.50	0.05
178.55	0.05
178.60	0.05
178.65	0.05
178.70	0.05
178.75	0.05
178.80	0.05
178.85	0.05
178.90	0.05
178.95	0.05
179.00	0.05
179.05	0.05
179.10	0.05
179.15	0.05
179.20	0.05
179.25	0.05
179.30	0.05
179.35	0.05
179.40	0.05
179.45	0.05
179.50	0.05
179.55	0.05
179.60	0.05
179.65	0.05
179.70	0.05
179.75	0.05
179.80	0.05
179.85	0.05
179.90	0.05
179.95	0.05
180.00	0.05
180.05	0.05
180.10	0.05
180.15	0.05
180.20	0.05
180.25	0.05
180.30	0.05
180.35	0.05
180.40	0.05
180.45	0.05
180.50	0.05
180.55	0.05
180.60	0.05
180.65	0.05
180.70	0.05
180.75	0.05
180.80	0.05
180.85	0.05
180.90	0.05
180.95	0.05
181.00	0.05
181.05	0.05
181.10	0.05
181.15	0.05
181.20	0.05
181.25	0.05
181.30	0.05
181.35	0.05
181.40	0.05
181.45	0.05
181.50	0.05
181.55	0.05
181.60	0.05
181.65	0.05
181.70	0.05
181.75	0.05
181.80	0.05
181.85	0.05
181.90	0.05
181.95	0.05
182.00	0.05
182.05	0.05
182.10	0.05
182.15	0.05
182.20	0.05
182.25	0.05
182.30	0.05
182.35	0.05
182.40	0.05
182.45	0.05
182.50	0.05
182.55	0.05
182.60	0.05
182.65	0.05
182.70	0.05
182.75	0.05
182.80	0.05
182.85	0.05
182.90	0.05
182.95	0.05
183.00	0.05
183.05	0.05
183.10	0.05
183.15	0.05
183.20	0.05
183.25	0.05
183.30	0.05
183.35	0.05
183.40	0.05
183.45	0.05
183.50	0.05
183.55	0.05
183.60	0.05
183.65	0.05
183.70	0.05
183.75	0.05
183.80	0.05
183.85	0.05
183.90	0.05
183.95	0.05
184.00	0.05
184.05	0.05
184.10	0.05
184.15	0.05
184.20	0.05
184.25	0.05
184.30	0.05
184.35	0.05
184.40	0.05
184.45	0.05
184.50	0.05
184.55	0.05
184.60	0.05
184.65	0.05
184.70	0.05
184.75	0.05
184.80	0.05
184.85	0.05
184.90	0.05
184.95	0.05
185.00	0.05
185.05	0.05
185.10	0.05
185.15	0.05
185.20	0.05
185.25	0.05
185.30	0.05
185.35	0.05
185.40	0.05
185.45	0.05
185.50	0.05
185.55	0.05
185.60	0.05
185.65	0.05
185.70	0.05
185.75	0.05
185.80	0.05
185.85	0.05
185.90	0.05
185.95	0.05
186.00	0.05
186.05	0.05
186.10	0.05
186.15	0.05
186.20	0.05
186.25	0.05
186.30	0.05
186.35	0.05
186.40	0.05
186.45	0.05
186.50	0.05
186.55	0.05
186.60	0.05
186.65	0.05
186.70	0.05
186.75	0.05
186.80	0.05
186.85	0.05
186.90	0.05
186.95	0.05
187.00	0.05
187.05	0.05
187.10	0.05
187.15	0.05
187.20	0.05
187.25	0.05
187.30	0.05
187.35	0.05
187.40	0.05
187.45	0.05
187.50	0.05
187.55	0.05
187.60	0.05
187.65	0.05
187.70	0.05
187.75	0.05
187.80	0.05
187.85	0.05
187.90	0.05
187.95	0.05
188.00	0.05
188.05	0.05
188.10	0.05
188.15	0.05
188.20	0.05
188.25	0.05
188.30	0.05
188.35	0.05
188.40	0.05
188.45	0.05
188.50	0.05
188.55	0.05
188.60	0.05
188.65	0.05
188.70	0.05
188.75	0.05
188.80	0.05
188.85	0.05
188.90	0.05
188.95	0.05
189.00	0.05
189.05	0.05
189.10	0.05
189.15	0.05
189.20	0.05
189.25	0.05
189.30	0.05
189.35	0.05
189.40	0.05
189.45	0.05
189.50	0.05
189.55	0.05
189.60	0.05
189.65	0.05
189.70	0.05
189.75	0.05
189.80	0.05
189.85	0.05
189.90	0.05
189.95	0.05
190.00	0.05
190.05	0.05
190.10	0.05
190.15	0.05
190.20	0.05
190.25	0.05
190.30	0.05
190.35	0.05
190.40	0.05
190.45	0.05
190.50	0.05
190.55	0.05
190.60	0.05
190.65	0.05
190.70	0.05
190.75	0.05
190.80	0.05
190.85	0.05
190.90	0.05
190.95	0.05
191.00	0.05
191.05	0.05
191.10	0.05
191.15	0.05
191.20	0.05
191.25	0.05
191.30	0.05
191.35	0.05
191.40	0.05
191.45	0.05
191.50	0.05
191.55	0.05
191.60	0.05
191.65	0.05
191.70	0.05
191.75	0.05
191.80	0.05
191.85	0.05
191.90	0.05
191.95	0.05
192.00	0.05
192.05	0.05
192.10	0.05
192.15	0.05
192.20	0.05
192.25	0.05
192.30	0.05
192.35	0.05
192.40	0.05
192.45	0.05
192.50	0.05
192.55	0.05
192.60	0.05
192.65	0.05
192.70	0.05
192.75	0.05
192.80	0.05
192.85	0.05
192.90	0.05
192.95	0.05
193.00	0.05
193.05	0.05
193.10	0.05
193.15	0.05
193.20	0.05
193.25	0.05
193.30	0.05
193.35	0.05
193.40	0.05
193.45	0.05
193.50	0.05
193.55	0.05
193.60	0.05
193.65	0.05
193.70	0.05
193.75	0.05
193.80	0.05
193.85	0.05
193.90	0.05
193.95	0.05
194.00	0.05
194.05	0.05
194.10	0.05
194.15	0.05
194.20	0.05
194.25	0.05
194.30	0.05
194.35	0.05
194.40	0.05
194.45	0.05
194.50	0.05
194.55	0.05
194.60	0.05
194.65	0.05
194.70	0.05
194.75	0.05
194.80	0.05
194.85	0.05
194.90	0.05
194.95	0.05
195.00	0.05
195.05	0.05
195.10	0.05
195.15	0.05
195.20	0.05
195.25	0.05
195.30	0.05
195.35	0.05
195.40	0.05
195.45	0.05
195.50	0.05
195.55	0.05
195.60	0.05
195.65	0.05
195.70	0.05
195.75	0.05
195.80	0.05
195.85	0.05
195.90	0.05
195.95	0.05
196.00	0.05
196.05	0.05
196.10	0.05
196.15	0.05
196.20	0.05
196.25	0.05
196.30	0.05
196.35	0.05
196.40	0.05
196.45	0.05
196.50	0.05
196.55	0.05
196.60	0.05
196.65	0.05
196.70	0.05
196.75	0.05
196.80	0.05
196.85	0.05
196.90	0.05
196.95	0.05
197.00	0.05
197.05	0.05
197.10	0.05
197.15	0.05
197.20	0.05
197.25	0.05
197.30	0.05
197.35	0.05
197.40	0.05
197.45	0.05
197.50	0.05
197.55	0.05
197.60	0.05
197.65	0.05
197.70	0.05
197.75	0.05
197.80	0.05
197.85	0.05
197.90	0.05
197.95	0.05
198.00	0.05
198.05	0.05
198.10	0.05
198.15	0.05
198.20	0.05
198.25	0.05
198.30	0.05
198.35	0.05
198.40	0.05
198.45	0.05
198.50	0.05
198.55	0.05
198.60	0.05
198.65	0.05
198.70	0.05
198.75	0.05
198.80	0.05
198.85	0.05
198.90	0.05
198.95	0.05
199.00	0.05
199.05	0.05
199.10	0.05
199.15	0.05
199.20	0.05
199.25	0.05
199.30	0.05
199.35	0.05
199.40	0.05
199.45	0.05
199.50	0.05
199.55	0.05
199.60	0.05
199.65	0.05
199.70	0.05
199.75	0.05
199.80	0.05
199.85	0.05
199.90	0.05
199.95	0.05
200.00	0.05
200.05	0.05
200.10	0.05
200.15	0.05
200.20	0.05
200.25	0.05
200.30	0.05
200.35	0.05
200.40	0.05
200.45	0.05
200.50	0.05
200.55	0.05
200.60	0.05
200.65	0.05
200.70	0.05
200.75	0.05
200.80	0.05
200.85	0.05
200.90	0.05
200.95	0.05
201.00	0.05
201.05	0.05
201.10	0.05
201.15	0.05
201.20	0.05
201.25	0.05
201.30	0.05
201.35	0.05
201.40	0.05
201.45	0.05
201.50	0.05
201.55	0.05
201.60	0.05
201.65	0.05
201.70	0.05
201.75	0.05
201.80	0.05
201.85	0.05
201.90	0.05
201.95	0.05
202.00	0.05
202.05	0.05
202.10	0.05
202.15	0.05
202.20	0.05
202.25	0.05
202.30	0.05
202.35	0.05
202.40	0.05
202.45	0.05
202.50	0.05
202.55	0.05
202.60	0.05
202.65	0.05
202.70	0.05
202.75	0.05
202.80	0.05
202.85	0.05
202.90	0.05
202.95	0.05
203.00	0.05
203.05	0.05
203.10	0.05
203.15	0.05
203.20	0.05
203.25	0.05
203.30	0.05
203.35	0.05
203.40	0.05
203.45	0.05
203.50	0.05
203.55	0.05
203.60	0.05
203.65	0.05
203.70	0.05
203.75	0.05
203.80	0.05
203.85	0.05
203.90	0.05
203.95	0.05
204.00	0.05
204.05	0.05
204.10	0.05
204.15	0.05
204.20	0.05
204.25	0.05
204.30	0.05
204.35	0.05
204.40	0.05
204.45	0.05
204.50	0.05
204.55	0.05
204.60	0.05
204.65	0.05
204.70	0.05
204.75	0.05
204.80	0.05
204.85	0.05
204.90	0.05
204.95	0.05
205.00	0.05
205.05	0.05
205.10	0.05
205.15	0.05
205.20	0.05
205.25	0.05
205.30	0.05
205.35	0.05
205.40	0.05
205.45	0.05
205.50	0.05
205.55	0.05
205.60	0.05
205.65	0.05
205.70	0.05
205.75	0.05
205.80	0.05
205.85	0.05
205.90	0.05
205.95	0.05
206.00	0.05
206.05	0.05
206.10	0.05
206.15	0.05
206.20	0.05
206.25	0.05
206.30	0.05
206.35	0.05
206.40	0.05
206.45	0.05
206.50	0.05
206.55	0.05
206.60	0.05
206.65	0.05
206.70	0.05
206.75	0.05
206.80	0.05
206.85	0.05
206.90	0.05
206.95	0.05
207.00	0.05
207.05	0.05
207.10	0.05
207.15	0.05
207.20	0.05
207.25	0.05
207.30	0.05
207.35	0.05
207.40	0.05
207.45	0.05
207.50	0.05
207.55	0.05
207.60	0.05
207.65	0.05
207.70	0.05
207.75	0.05
207.80	0.05
207.85	0.05
207.90	0.05
207.95	0.05
208.00	0.05
208.05	0.05
208.10	0.05
208.15	0.05
208.20	0.05
208.25	0.05
208.30	0.05
208.35	0.05
208.40	0.05
208.45	0.05
208.50	0.05
208.55	0.05
208.60	0.05
208.65	0.05
208.70	0.05
208.75	0.05
208.80	0.05
208.85	0.05
208.90	0.05
208.95	0.05
209.00	0.05
209.05	0.05
209.10	0.05
209.15	0.05
209.20	0.05
209.25	0.05
209.30	0.05
209.35	0.05
209.40	0.05
209.45	0.05
209.50	0.05
209.55	0.05
209.60	0.05
209.65	0.05
209.70	0.05
209.75	0.05
209.80	0.05
209.85	0.05
209.90	0.05
209.95	0.05
210.00	0.05
210.05	0.05
210.10	0.05
210.15	0.05
210.20	0.05
210.25	0.05
210.30	0.05
210.35	0.05
210.40	0.05
210.45	0.05
210.50	0.05
210.55	0.05
210.60	0.05
210.65	0.05
210.70	0.05
210.75	0.05
210.80	0.05
210.85	0.05
210.90	0.05
210.95	0.05
211.00	0.05
211.05	0.05
211.10	0.05
211.15	0.05
211.20	0.05
211.25	0.05
211.30	0.05
211.35	0.05
211.40	0.05
211.45	0.05
211.50	0.05
211.55	0.05
211.60	0.05
211.65	0.05
211.70	0.05
211.75	0.05
211.80	0.05
211.85	0.05
211.90	0.05
211.95	0.05
212.00	0.05
212.05	0.05
212.10	0.05
212.15	0.05
212.20	0.05
212.25	0.05
212.30	0.05
212.35	0.05
212.40	0.05
212.45	0.05
212.50	0.05
212.55	0.05
212.60	0.05
212.65	0.05
212.70	0.05
212.75	0.05
212.80	0.05
212.85	0.05
212.90	0.05
212.95	0.05
213.00	0.05
213.05	0.05
213.10	0.05
213.15	0.05
213.20	0.05
213.25	0.05
213.30	0.05
213.35	0.05
213.40	0.05
213.45	0.05
213.50	0.05
213.55	0.05
213.60	0.05
213.65	0.05
213.70	0.05
213.75	0.05
213.80	0.05
213.85	0.05
213.90	0.05
213.95	0.05
214.00	0.05
214.05	0.05
214.10	0.05
214.15	0.05
214.20	0.05
214.25	0.05
214.30	0.05
214.35	0.05
214.40	0.05
214.45	0.05
214.50	0.05
214.55	0.05
214.60	0.05
214.65	0.05
214.70	0.05
214.75	0.05
214.80	0.05
214.85	0.05
214.90	0.05
214.95	0.05
215.00	0.05
215.05	0.05
215.10	0.05
215.15	0.05
215.20	0.05
215.25	0.05
215.30	0.05
215.35	0.05
215.40	0.05
215.45	0.05
215.50	0.05
215.55	0.05
215.60	0.05
215.65	0.05
215.70	0.05
215.75	0.05
215.80	0.05
215.85	0.05
215.90	0.05
215.95	0.05
216.00	0.05
216.05	0.05
216.10	0.05
216.15	0.05
216.20	0.05
216.25	0.05
216.30	0.05
216.35	0.05
216.40	0.05
216.45	0.05
216.50	0.05
216.55	0.05
216.60	0.05
216.65	0.05
216.70	0.05
216.75	0.05
216.80	0.05
216.85	0.05
216.90	0.05
216.95	0.05
217.00	0.05
217.05	0.05
217.10	0.05
217.15	0.05
217.20	0.05
217.25	0.05
217.30	0.05
217.35	0.05
217.40	0.05
217.45	0.05
217.50	0.05
217.55	0.05
217.60	0.05
217.65	0.05
217.70	0.05
217.75	0.05
217.80	0.05
217.85	0.05
217.90	0.05
217.95	0.05
218.00	0.05
218.05	0.05
218.10	0.05
218.15	0.05
218.20	0.05
218.25	0.05
218.30	0.05
218.35	0.05
218.40	0.05
218.45	0.05
218.50	0.05
218.55	0.05
218.60	0.05
218.65	0.05
218.70	0.05
218.75	0.05
218.80	0.05
218.85	0.05
218.90	0.05
218.95	0.05
219.00	0.05
219.05	0.05
219.10	0.05
219.15	0.05
219.20	0.05
219.25	0.05
219.30	0.05
219.35	0.05
219.40	0.05
219.45	0.05
219.50	0.05
219.55	0.05
219.60	0.05
219.65	0.05
219.70	0.05
219.75	0.05
219.80	0.05
219.85	0.05
219.90	0.05
219.95	0.05
220.00	0.05
220.05	0.05
220.10	0.05
220.15	0.05
220.20	0.05
220.25	0.05
220.30	0.05
220.35	0.05
220.40	0.05
220.45	0.05
220.50	0.05
220.55	0.05
220.60	0.05
220.65	0.05
220.70	0.05
220.75	0.05
220.80	0.05
220.85	0.05
220.90	0.05
220.95	0.05
221.00	0.05
221.05	0.05
221.10	0.05
221.15	0.05
221.20	0.05
221.25	0.05
221.30	0.05
221.35	0.05
221.40	0.05
221.45	0.05
221.50	0.05
221.55	0.05
221.60	0.05
221.65	0.05
221.70	0.05
221.75	0.05
221.80	0.05
221.85	0.05
221.90	0.05
221.95	0.05
222.00	0.05
222.05	0.05
222.10	0.05
222.15	0.05
222.20	0.05
222.25	0.05
222.30	0.05
222.35	0.05
222.40	0.05
222.45	0.05
222.50	0.05
222.55	0.05
222.60	0.05
222.65	0.05
222.70	0.05
222.75	0.05
222.80	0.05
222.85	0.05
222.90	0.05
222.95	0.05
223.00	0.05
223.05	0.05
223.10	0.05
223.15	0.05
223.20	0.05
223.25	0.05
223.30	0.05
223.35	0.05
223.40	0.05
223.45	0.05
223.50	0.05
223.55	0.05
223.60	0.05
223.65	0.05
223.70	0.05
223.75	0.05
223.80	0.05
223.85	0.05
223.90	0.05
223.95	0.05
224.00	0.05
224.05	0.05
224.10	0.05
224.15	0.05
224.20	0.05
224.25	0.05
224.30	0.05
224.35	0.05
224.40	0.05
224.45	0.05
224.50	0.05
224.55	0.05
224.60	0.05
224.65	0.05
224.70	0.05
224.75	0.05
224.80	0.05
224.85	0.05
224.90	0.05
224.95	0.05
225.00	0.05
225.05	0.05
225.10	0.05
225.15	0.05
225.20	0.05
225.25	0.05
225.30	0.05
225.35	0.05
225.40	0.05
225.45	0.05
225.50	0.05
225.55	0.05
225.60	0.05
225.65	0.05
225.70	0.05
225.75	0.05
225.80	0.05
225.85	0.05
225.90	0.05
225.95	0.05
226.00	0.05
226.05	0.05
226.10	0.05
226.15	0.05
226.20	0.05
226.25	0.05
226.30	0.05
226.35	0.05
226.40	0.05
226.45	0.05
226.50	0.05
226.55	0.05
226.60	0.05
226.65	0.05
226.70	0.05
226.75	0.05
226.80	0.05
226.85	0.05
226.90	0.05
226.95	0.05
227.00	0.05
227.05	0.05
227.10	0.05
227.15	0.05
227.20	0.05
227.25	0.05
227.30	0.05
227.35	0.05
227.40	0.05
227.45	0.05
227.50	0.05
227.55	0.05
227.60	0.05
227.65	0.05
227.70	0.05
227.75	0.05
227.80	0.05
227.85	0.05
227.90	0.05
227.95	0.05
228.00	0.05
228.05	0.05
228.10	0.05
228.15	0.05
228.20	0.05
228.25	0.05
228.30	0.05
228.35	0.05
228.40	0.05
228.45	0.05
228.50	0.05
228.55	0.05
228.60	0.05
228.65	0.05
228.70	0.05
228.75	0.05
228.80	0.05
228.85	0.05
228.90	0.05
228.95	0.05
229.00	0.05
229.05	0.05
229.10	0.05
229.15	0.05
229.20	0.05
229.25	0.05
229.30	0.05
229.35	0.05
229.40	0.05
229.45	0.05
229.50	0.05
229.55	0.05
229.60	0.05
229.65	0.05
229.70	0.05
229.75	0.05
229.80	0.05
229.85	0.05
229.90	0.05
229.95	0.05
230.00	0.05
230.05	0.05
230.10	0.05
230.15	0.05
230.20	0.05
230.25	0.05
230.30	0.05
230.35	0.05
230.40	0.05
230.45	0.05
230.50	0.05
230.55	0.05
230.60	0.05
230.65	0.05
230.70	0.05
230.75	0.05
230.80	0.05
230.85	0.05
230.90	0.05
230.95	0.05
231.00	0.05
231.05	0.05
231.10	0.05
231.15	0.05
231.20	0.05
231.25	0.05
231.30	0.05
231.35	0.05
231.40	0.05
231.45	0.05
231.50	0.05
231.55	0.05
231.60	0.05
231.65	0.05
231.70	0.05
231.75	0.05
231.80	0.05
231.85	0.05
231.90	0.05
231.95	0.05
232.00	0.05
232.05	0.05
232.10	0.05
232.15	0.05
232.20	0.05
232.25	0.05
232.30	0.05
232.35	0.05
232.40	0.05
232.45	0.05
232.50	0.05
232.55	0.05
232.60	0.05
232.65	0.05
232.70	0.05
232.75	0.05
232.80	0.05
232.85	0.05
232.90	0.05
232.95	0.05
233.00	0.05
233.05	0.05
233.10	0.05
233.15	0.05
233.20	0.05
233.25	0.05
233.30	0.05
233.35	0.05
233.40	0.05
233.45	0.05
233.50	0.05
233.55	0.05
233.60	0.05
233.65	0.05
233.70	0.05
233.75	0.05
233.80	0.05
233.85	0.05
233.90	0.05
233.95	0.05
234.00	0.05
234.05	0.05
234.10	0.05
234.15	0.05
234.20	0.05
234.25	0.05
234.30	0.05
234.35	0.05
234.40	0.05
234.45	0.05
234.50	0.05
234.55	0.05
234.60	0.05
234.65	0.05
234.70	0.05
234.75	0.05
234.80	0.05
234.85	0.05
234.90	0.05
234.95	0.05
235.00	0.05
235.05	0.05
235.10	0.05
235.15	0.05
235.20	0.05
235.25	0.05
235.30	0.05
235.35	0.05
235.40	0.05
235.45	0.05
235.50	0.05
235.55	0.05
235.60	0.05
235.65	0.05
235.70	0.05
235.75	0.05
235.80	0.05
235.85	0.05
235.90	0.05
235.95	0.05
236.00	0.05
236.05	0.05
236.10	0.05
236.15	0.05
236.20	0.05
236.25	0.05
236.30	0.05
236.35	0.05
236.40	0.05
236.45	0.05
236.50	0.05
236.55	0.05
236.60	0.05
236.65	0.05
236.70	0.05
236.75	0.05
236.80	0.05
236.85	0.05
236.90	0.05
236.95	0.05
237.00	0.05
237.05	0.05
237.10	0.05
237.15	0.05
237.20	0.05
237.25	0.05
237.30	0.05
237.35	0.05
237.40	0.05
237.45	0.05
237.50	0.05
237.55	0.05
237.60	0.05
237.65	0.05
237.70	0.05
237.75	0.05
237.80	0.05
237.85	0.05
237.90	0.05
237.95	0.05
238.00	0.05
238.05	0.05
238.10	0.05
238.15	0.05
238.20	0.05
238.25	0.05
238.30	0.05
238.35	0.05
238.40	0.05
238.45	0.05
238.50	0.05
238.55	0.05
238.60	0.05
238.65	0.05
238.70	0.05
238.75	0.05
238.80	0.05
238.85	0.05
238.90	0.05
238.95	0.05
239.00	0.05
239.05	0.05
239.10	0.05
239.15	0.05
239.20	0.05
239.25	0.05
239.30	0.05
239.35	0.05
239.40	0.05
239.45	0.05
239.50	0.05
239.55	0.05
239.60	0.05
239.65	0.05
239.70	0.05
239.75	0.05
239.80	0.05
239.85	0.05
239.90	0.05
239.95	0.05
240.00	0.05
240.05	0.05
240.10	0.05
240.15	0.05
240.20	0.05
240.25	0.05
240.30	0.05
240.35	0.05
240.40	0.05
240.45	0.05
240.50	0.05
240.55	0.05
240.60	0.05
240.65	0.05
240.70	0.05
240.75	0.05
240.80	0.05
240.85	0.05
240.90	0.05
240.95	0.05
241.00	0.05
241.05	0.05
241.10	0.05
241.15	0.05
241.20	0.05
241.25	0.05
241.30	0.05
241.35	0.05
241.40	0.05
241.45	0.05
241.50	0.05
241.55	0.05
241.60	0.05
241.65	0.05
241.70	0.05
241.75	0.05
241.80	0.05
241.85	0.05
241.90	0.05
241.95	0.05
242.00	0.05
242.05	0.05
242.10	0.05
242.15	0.05
242.20	0.05
242.25	0.05
242.30	0.05
242.35	0.05
242.40	0.05
242.45	0.05
242.50	0.05
242.55	0.05
242.60	0.05
242.65	0.05
242.70	0.05
242.75	0.05
242.80	0.05
242.85	0.05
242.90	0.05
242.95	0.05
243.00	0.05
243.05	0.05
243.10	0.05
243.15	0.05
243.20	0.05
243.25	0.05
243.30	0.05
243.35	0.05
243.40	0.05
243.45	0.05
243.50	0.05
243.55	0.05
243.60	0.05
243.65	0.05
243.70	0.05
243.75	0.05
243.80	0.05
243.85	0.05
243.90	0.05
243.95	0.05
244.00	0.05
244.05	0.05
244.10	0.05
244.15	0.05
244.20	0.05
244.25	0.05
244.30	0.05
244.35	0.05
244.40	0.05
244.45	0.05
244.50	0.05
244.55	0.05
244.60	0.05
244.65	0.05
244.70	0.05
244.75	0.05
244.80	0.05
244.85	0.05
244.90	0.05
244.95	0.05
245.00	0.05
245.05	0.05
245.10	0.05
245.15	0.05
245.20	0.05
245.25	0.05
245.30	0.05
245.35	0.05
245.40	0.05
245.45	0.05
245.50	0.05
245.55	0.05
245.60	0.05
245.65	0.05
245.70	0.05
245.75	0.05
245.80	0.05
245.85	0.05
245.90	0.05
245.95	0.05
246.00	0.05
246.05	0.05
246.10	0.05
246.15	0.05
246.20	0.05
246.25	0.05
246.30	0.05
246.35	0.05
246.40	0.05
246.45	0.05
246.50	0.05
246.55	0.05
246.60	0.05
246.65	0.05
246.70	0.05
246.75	0.05
246.80	0.05
246.85	0.05
246.90	0.05
246.95	0.05
247.00	0.05
247.05	0.05
247.10	0.05
247.15	0.05
247.20	0.05
247.25	0.05
247.30	0.05
247.35	0.05
247.40	0.05
247.45	0.05
247.50	0.05
247.55	0.05
247.60	0.05
247.65	0.05
247.70	0.05
247.75	0.05
247.80	0.05
247.85	0.05
247.90	0.05
247.95	0.05
248.00	0.05
248.05	0.05
248.10	0.05
248.15	0.05
248.20	0.05
248.25	0.05
248.30	0.05
248.35	0.05
248.40	0.05
248.45	0.05
248.50	0.05
248.55	0.05
248.60	0.05
248.65	0.05
248.70	0.05
248.75	0.05
248.80	0.05
248.85	0.05
248.90	0.05
248.95	0.05
249.00	0.05
249.05	0.05
249.10	0.05
249.15	0.05
249.20	0.05
249.25	0.05
249.30	0.05
249.35	0.05
249.40	0.05
249.45	0.05
249.50	0.05
249.55	0.05
249.60	0.05
249.65	0.05
249.70	0.05
249.75	0.05
249.80	0.05
249.85	0.05
249.90	0.05
249.95	0.05
250.00	0.05
250.05	0.05
250.10	0.05
250.15	0.05
250.20	0.05
250.25	0.05
250.30	0.05
250.35	0.05
250.40	0.05
250.45	0.05
250.50	0.05
250.55	0.05
250.60	0.05
250.65	0.05
250.70	0.05
250.75	0.05
250.80	0.05
250.85	0.05
250.90	0.05
250.95	0.05
251.00	0.05
251.05	0.05
251.10	0.05
251.15	0.05
251.20	0.05
251.25	0.05
251.30	0.05
251.35	0.05
251.40	0.05
251.45	0.05
251.50	0.05
251.55	0.05
251.60	0.05
251.65	0.05
251.70	0.05
251.75	0.05
251.80	0.05
251.85	0.05
251.90	0.05
251.95	0.05
252.00	0.05
252.05	0.05
252.10	0.05
252.15	0.05
252.20	0.05
252.25	0.05
252.30	0.05
252.35	0.05
252.40	0.05
252.45	0.05
252.50	0.05
252.55	0.05
252.60	0.05
252.65	0.05
252.70	0.05
252.75	0.05
252.80	0.05
252.85	0.05
252.90	0.05
252.95	0.05
253.00	0.05
253.05	0.05
253.10	0.05
253.15	0.05
253.20	0.05
253.25	0.05
253.30	0.05
253.35	0.05
253.40	0.05
253.45	0.05
253.50	0.05
253.55	0.05
253.60	0.05
253.65	0.05
253.70	0.05
253.75	0.05
253.80	0.05
253.85	0.05
253.90	0.05
253.95	0.05
254.00	0.05
254.05	0.05
254.10	0.05
254.15	0.05
254.20	0.05
254.25	0.05
254.30	0.05
254.35	0.05
254.40	0.05
254.45	0.05
254.50	0.05
254.55	0.05
254.60	0.05
254.65	0.05
254.70	0.05
254.75	0.05
254.80	0.05
254.85	0.05
254.90	0.05
254.95	0.05
255.00	0.05
255.05	0.05
255.10	0.05
255.15	0.05
255.20	0.05
255.25	0.05
255.30	0.05
255.35	0.05
255.40	0.05
255.45	0.05
255.50	0.05
255.55	0.05
255.60	0.05
255.65	0.05
255.70	0.05
255.75	0.05
255.80	0.05
255.85	0.05
255.90	0.05
255.95	0.05
256.00	0.05
256.05	0.05
256.10	0.05
256.15	0.05
256.20	0.05
256.25	0.05
256.30	0.05
256.35	0.05
256.40	0.05
256.45	0.05
256.50	0.05
256.55	0.05
256.60	0.05
256.65	0.05
256.70	0.05
256.75	0.05
256.80	0.05
256.85	0.05
256.90	0.05
256.95	0.05
257.00	0.05
257.05	0.05
257.10	0.05
257.15	0.05
257.20	0.05
257.25	0.05
257.30	0.05
257.35	0.05
257.40	0.05
257.45	0.05
257.50	0.05
257.55	0.05
257.60	0.05
257.65	0.05
257.70	0.05
257.75	0.05
257.80	0.05
257.85	0.05
257.90	0.05
257.95	0.05
258.00	0.05
258.05	0.05
258.10	0.05
258.15	0.05
258.20	0.05
258.25	0.05
258.30	0.05
258.35	0.05
258.40	0.05
258.45	0.05
258.50	0.05
258.55	0.05
258.60	0.05
258.65	0.05
258.70	0.05
258.75	0.05
258.80	0.05
258.85	0.05
258.90	0.05
258.95	0.05
259.00	0.05
259.05	0.05
259.10	0.05
259.15	0.05
259.20	0.05
259.25	0.05
259.30	0.05
259.35	0.05
259.40	0.05
259.45	0.05
259.50	0.05
259.55	0.05
259.60	0.05
259.65	0.05
259.70	0.05
259.75	0.05
259.80	0.05
259.85	0.05
259.90	0.05
259.95	0.05
260.00	0.05
260.05	0.05
260.10	0.05
260.15	0.05
260.20	0.05
260.25	0.05
260.30	0.05
260.35	0.05
260.40	0.05
260.45	0.05
260.50	0.05
260.55	0.05
260.60	0.05
260.65	0.05
260.70	0.05
260.75	0.05
260.80	0.05
260.85	0.05
260.90	0.05
260.95	0.05
261.00	0.05
261.05	0.05
261.10	0.05
261.15	0.05
261.20	0.05
261.25	0.05
261.30	0.05
261.35	0.05
261.40	0.05
261.45	0.05
261.50	0.05
261.55	0.05
261.60	0.05
261.65	0.05
261.70	0.05
261.75	0.05
261.80	0.05
261.85	0.05
261.90	0.05
261.95	0.05
262.00	0.05
262.05	0.05
262.10	0.05
262.15	0.05
262.20	0.05
262.25	0.05
262.30	0.05
262.35	0.05
262.40	0.05
262.45	0.05
262.50	0.05
262.55	0.05
262.60	0.05
262.65	0.05
262.70	0.05
262.75	0.05
262.80	0.05
262.85	0.05
262.90	0.05
262.95	0.05
263.00	0.05
263.05	0.05
263.10	0.05
263.15	0.05
263.20	0.05
263.25	0.05
263.30	0.05
263.35	0.05
263.40	0.05
263.45	0.05
263.50	0.05
263.55	0.05
263.60	0.05
263.65	0.05
263.70	0.05
263.75	0.05
263.80	0.05
263.85	0.05
263.90	0.05
263.95	0.05
264.00	0.05
264.05	0.05
264.10	0.05
264.15	0.05
264.20	0.05
264.25	0.05
264.30	0.05
264.35	0.05
264.40	0.05
264.45	0.05
264.50	0.05
264.55	0.05
264.60	0.05
264.65	0.05
264.70	0.05
264.75	0.05
264.80	0.05
264.85	0.05
264.90	0.05
264.95	0.05
265.00	0.05
265.05	0.05
265.10	0.05
265.15	0.05
265.20	0.05
265.25	0.05
265.30	0.05
265.35	0.05
265.40	0.05
265.45	0.05
265.50	0.05
265.55	0.05
265.60	0.05
265.65	0.05
265.70	0.05
265.75	0.05
265.80	0.05
265.85	0.05
265.90	0.05
265.95	0.05
266.00	0.05
266.05	0.05
266.10	0.05
266.15	0.05
266.20	0.05
266.25	0.05
266.30	0.05
266.35	0.05
266.40	0.05
266.45	0.05
266.50	0.05
266.55	0.05
266.60	0.05
266.65	0.05
266.70	0.05
266.75	0.05
266.80	0.05
266.85	0.05
266.90	0.05
266.95	0.05
267.00	0.05
267.05	0.05
267.10	0.05
267.15	0.05
267.20	0.05
267.25	0.05
267.30	0.05
267.35	0.05
267.40	0.05
267.45	0.05
267.50	0.05
267.55	0.05
267.60	0.05
267.65	0.05
267.70	0.05
267.75	0.05
267.80	0.05
267.85	0.05
267.90	0.05
267.95	0.05
268.00	0.05
268.05	0.05
268.10	0.05
268.15	0.05
268.20	0.05
268.25	0.05
268.30	0.05
268.35	0.05
268.40	0.05
268.45	0.05
268.50	0.05
268.55	0.05
268.60	0.05
268.65	0.05
268.70	0.05
268.75	0.05
268.80	0.05
268.85	0.05
268.90	0.05
268.95	0.05
269.00	0.05
269.05	0.05
269.10	0.05
269.15	0.05
269.20	0.05
269.25	0.05
269.30	0.05
269.35	0.05
269.40	0.05
269.45	0.05
269.50	0.05
269.55	0.05
269.60	0.05
269.65	0.05
269.70	0.05
269.75	0.05
269.80	0.05
269.85	0.05
269.90	0.05
269.95	0.05
270.00	0.05
270.05	0.05
270.10	0.05
270.15	0.05
270.20	0.05
270.25	0.05
270.30	0.05
270.35	0.05
270.40	0.05
270.45	0.05
270.50	0.05
270.55	0.05
270.60	0.05
270.65	0.05
270.70	0.05
270.75	0.05
270.80	0.05
270.85	0.05
270.90	0.05
270.95	0.05
271.00	0.05
271.05	0.05
271.10	0.05
271.15	0.05
271.20	0.05
271.25	0.05
271.30	0.05
271.35	0.05
271.40	0.05
271.45	0.05
271.50	0.05
271.55	0.05
271.60	0.05
271.65	0.05
271.70	0.05
271.75	0.05
271.80	0.05
271.85	0.05
271.90	0.05
271.95	0.05
272.00	0.05
272.05	0.05
272.10	0.05
272.15	0.05
272.20	0.05
272.25	0.05
272.30	0.05
272.35	0.05
272.40	0.05
272.45	0.05
272.50	0.05
272.55	0.05
272.60	0.05
272.65	0.05
272.70	0.05
272.75	0.05
272.80	0.05
272.85	0.05
272.90	0.05
272.95	0.05
273.00	0.05
273.05	0.05
273.10	0.05
273.15	0.05
273.20	0.05
273.25	0.05
273.30	0.05
273.35	0.05
273.40	0.05
273.45	0.05
273.50	0.05
273.55	0.05
273.60	0.05
273.65	0.05
273.70	0.05
273.75	0.05
273.80	0.05
273.85	0.05
273.90	0.05
273.95	0.05
274.00	0.05
274.05	0.05
274.10	0.05
274.15	0.05
274.20	0.05
274.25	0.05
274.30	0.05
274.35	0.05
274.40	0.05
274.45	0.05
274.50	0.05
274.55	0.05
274.60	0.05
274.65	0.05
274.70	0.05
274.75	0.05
274.80	0.05
274.85	0.05
274.90	0.05
274.95	0.05
275.00	0.05
275.05	0.05
275.10	0.05
275.15	0.05
275.20	0.05
275.25	0.05
275.30	0.05
275.35	0.05
275.40	0.05
275.45	0.05
275.50	0.05
275.55	0.05
275.60	0.05
275.65	0.05
275.70	0.05
275.75	0.05
275.80	0.05
275.85	0.05
275.90	0.05
275.95	0.05
276.00	0.05
276.05	0.05
276.10	0.05
276.15	0.05
276.20	0.05
276.25	0.05
276.30	0.05
276.35	0.05
276.40	0.05
276.45	0.05
276.50	0.05
276.55	0.05
276.60	0.05
276.65	0.05
276.70	0.05
276.75	0.05
276.80	0.05
276.85	0.05
276.90	0.05
276.95	0.05
277.00	0.05
277.05	0.05
277.10	0.05
277.15	0.05
277.20	0.05
277.25	0.05
277.30	0.05
277.35	0.05
277.40	0.05
277.45	0.05
277.50	0.05
277.55	0.05
277.60	0.05
277.65	0.05
277.70	0.05
277.75	0.05
277.80	0.05
277.85	0.05
277.90	0.05
277.95	0.05
278.00	0.05
278.05	0.05
278.10	0.05
278.15	0.05
278.20	0.05
278.25	0.05
278.30	0.05
278.35	0.05
278.40	0.05
278.45	0.05
278.50	0.05
278.55	0.05
278.60	0.05
278.65	0.05
278.70	0.05
278.75	0.05
278.80	0.05
278.85	0.05
278.90	0.05
278.95	0.05
279.00	0.05
279.05	0.05
279.10	0.05
279.15	0.05
279.20	0.05
279.25	0.05
279.30	0.05
279.35	0.05
279.40	0.05
279.45	0.05
279.50	0.05
279.55	0.05
279.60	0.05
279.65	0.05
279.70	0.05
279.75	0.05
279.80	0.05
279.85	0.05
279.90	0.05
279.95	0.05
280.00	0.05
280.05	0.05
280.10	0.05
280.15	0.05
280.20	0.05
280.25	0.05
280.30	0.05
280.35	0.05
280.40	0.05
280.45	0.05
280.50	0.05
280.55	0.05
280.60	0.05
280.65	0.05
280.70	0.05
280.75	0.05
280.80	0.05
280.85	0.05
280.90	0.05
280.95	0.05
281.00	0.05
281.05	0.05
281.10	0.05
281.15	0.05
281.20	0.05
281.25	0.05
281.30	0.05
281.35	0.05
281.40	0.05
281.45	0.05
281.50	0.05
281.55	0.05
281.60	0.05
281.65	0.05
281.70	0.05
281.75	0.05
281.80	0.05
281.85	0.05
281.90	0.05
281.95	0.05
282.00	0.05
282.05	0.05
282.10	0.05
282.15	0.05
282.20	0.05
282.25	0.05
282.30	0.05
282.35	0.05
282.40	0.05
282.45	0.05
282.50	0.05
282.55	0.05
282.60	0.05
282.65	0.05
282.70	0.05
282.75	0.05
282.80	0.05
282.85	0.05
282.90	0.05
282.95	0.05
283.00	0.05
283.05	0.05
283.10	0.05
283.15	0.05
283.20	0.05
283.25	0.05
283.30	0.05
283.35	0.05
283.40	0.05
283.45	0.05
283.50	0.05
283.55	0.05
283.60	0.05
283.65	0.05
283.70	0.05
283.75	0.05
283.80	0.05
283.85	0.05
283.90	0.05
283.95	0.05
284.00	0.05
284.05	0.05
284.10	0.05
284.15	0.05
284.20	0.05
284.25	0.05
284.30	0.05
284.35	0.05
284.40	0.05
284.45	0.05
284.50	0.05
284.55	0.05
284.60	0.05
284.65	0.05
284.70	0.05
284.75	0.05
284.80	0.05
284.85	0.05
284.90	0.05
284.95	0.05
285.00	0.05
285.05	0.05
285.10	0.05
285.15	0.05
285.20	0.05
285.25	0.05
285.30	0.05
285.35	0.05
285.40	0.05
285.45	0.05
285.50	0.05
285.55	0.05
285.60	0.05
285.65	0.05
285.70	0.05
285.75	0.05
285.80	0.05
285.85	0.05
285.90	0.05
285.95	0.05
286.00	0.05
286.05	0.05
286.10	0.05
286.15	0.05
286.20	0.05
286.25	0.05
286.30	0.05
286.35	0.05
286.40	0.05
286.45	0.05
286.50	0.05
286.55	0.05
286.60	0.05
286.65	0.05
286.70	0.05
286.75	0.05
286.80	0.05
286.85	0.05
286.90	0.05
286.95	0.05
287.00	0.05
287.05	0.05
287.10	0.05
287.15	0.05
287.20	0.05
287.25	0.05
287.30	0.05
287.35	0.05
287.40	0.05
287.45	0.05
287.50	0.05
287.55	0.05
287.60	0.05
287.65	0.05
287.70	0.05
287.75	0.05
287.80	0.05
287.85	0.05
287.90	0.05
287.95	0.05
288.00	0.05
288.05	0.05
288.10	0.05
288.15	0.05
288.20	0.05
288.25	0.05
288.30	0.05
288.35	0.05
288.40	0.05
288.45	0.05
288.50	0.05
288.55	0.05
288.60	0.05
288.65	0.05
288.70	0.05
288.75	0.05
288.80	0.05
288.85	0.05
288.90	0.05
288.95	0.05
289.00	0.05
289.05	0.05
289.10	0.05
289.15	0.05
289.20	0.05
289.25	0.05
289.30	0.05
289.35	0.05
289.40	0.05
289.45	0.05
289.50	0.05
289.55	0.05
289.60	0.05
289.65	0.05
289.70	0.05
289.75	0.05
289.80	0.05
289.85	0.05
289.90	0.05
289.95	0.05
290.00	0.05
290.05	0.05
290.10	0.05
290.15	0.05
290.20	0.05
290.25	0.05
290.30	0.05
290.35	0.05
290.40	0.05
290.45	0.05
290.50	0.05
290.55	0.05
290.60	0.05
290.65	0.05
290.70	0.05
290.75	0.05
290.80	0.05
290.85	0.05
290.90	0.05
290.95	0.05
291.00	0.05
291.05	0.05
291.10	0.05
291.15	0.05
291.20	0.05
291.25	0.05
291.30	0.05
291.35	0.05
291.40	0.05
291.45	0.05
291.50	0.05
291.55	0.05
291.60	0.05
291.65	0.05
291.70	0.05
291.75	0.05
291.80	0.05
291.85	0.05
291.90	0.05
291.95	0.05
292.00	0.05
292.05	0.05
292.10	0.05
292.15	0.05
292.20	0.05
292.25	0.05
292.30	0.05
292.35	0.05
292.40	0.05
292.45	0.05
292.50	0.05
292.55	0.05
292.60	0.05
292.65	0.05
292.70	0.05
292.75	0.05
292.80	0.05
292.85	0.05
292.90	0.05
292.95	0.05
293.00	0.05
293.05	0.05
293.10	0.05
293.15	0.05
293.20	0.05
293.25	0.05
293.30	0.05
293.35	0.05
293.40	0.05
293.45	0.05
293.50	0.05
293.55	0.05
293.60	0.05
293.65	0.05
293.70	0.05
293.75	0.05
293.80	0.05
293.85	0.05
293.90	0.05
293.95	0.05
294.00	0.05
294.05	0.05
294.10	0.05
294.15	0.05
294.20	0.05
294.25	0.05
294.30	0.05
294.35	0.05
294.40	0.05
294.45	0.05
294.50	0.05
294.55	0.05
294.60	0.05
294.65	0.05
294.70	0.05
294.75	0.05
294.80	0.05
294.85	0.05
294.90	0.05
294.95	0.05
295.00	0.05
295.05	0.05
295.10	0.05
295.15	0.05
295.20	0.05
295.25	0.05
295.30	0.05
295.35	0.05
295.40	0.05
295.45	0.05
295.50	0.05
295.55	0.05
295.60	0.05
295.65	0.05
295.70	0.05
295.75	0.05
295.80	0.05
295.85	0.05
295.90	0.05
295.95	0.05
296.00	0.05
296.05	0.05
296.10	0.05
296.15	0.05
296.20	0.05
296.25	0.05
296.30	0.05
296.35	0.05
296.40	0.05
296.45	0.05
296.50	0.05
296.55	0.05
296.60	0.05
296.65	0.05
296.70	0.05
296.75	0.05
296.80	0.05
296.85	0.05
296.90	0.05
296.95	0.05
297.00	0.05
297.05	0.05
297.10	0.05
297.15	0.05
297.20	0.05
297.25	0.05
297.30	0.05
297.35	0.05
297.40	0.05
297.45	0.05
297.50	0.05
297.55	0.05
297.60	0.05
297.65	0.05
297.70	0.05
297.75	0.05
297.80	0.05
297.85	0.05
297.90	0.05
297.95	0.05
298.00	0.05
298.05	0.05
298.10	0.05
298.15	0.05
298.20	0.05
298.25	0.05
298.30	0.05
298.35	0.05
298.40	0.05
298.45	0.05
298.50	0.05
298.55	0.05
298.60	0.05
298.65	0.05
298.70	0.05
298.75	0.05
298.80	0.05
298.85	0.05
298.90	0.05
298.95	0.05
299.00	0.05
299.05	0.05
299.10	0.05
299.15	0.05
299.20	0.05
299.25	0.05
299.30	0.05
299.35	0.05
299.40	0.05
299.45	0.05
299.50	0.05
299.55	0.05
299.60	0.05
299.65	0.05
299.70	0.05
299.75	0.05
299.80	0.05
299.85	0.05
299.90	0.05
299.95	0.05
