2.000	2.000
4.000	2.000
6.000	2.000
8.000	2.000
10.000	2.000
12.000	2.000
14.000	2.000
16.000	2.000
18.000	2.000
20.000	2.000
22.000	2.000
24.000	2.000
26.000	2.000
28.000	2.000
30.000	2.000
32.000	2.000
34.000	2.000
36.000	2.000
38.000	2.000
40.000	2.000
42.000	2.000
44.000	2.000
46.000	2.000
48.000	2.000
50.000	2.000
52.000	2.000
54.000	2.000
56.000	2.000
58.000	2.000
60.000	2.000
62.000	2.000
64.000	2.000
66.000	2.000
68.000	2.000
70.000	2.000
72.000	2.000
74.000	2.000
76.000	2.000
78.000	2.000
80.000	2.000
82.000	2.000
84.000	2.000
86.000	2.000
88.000	2.000
90.000	2.000
92.000	2.000
94.000	2.000
96.000	2.000
98.000	2.000
100.000	2.000
102.000	2.000
104.000	2.000
106.000	2.000
108.000	2.000
110.000	2.000
112.000	2.000
114.000	2.000
116.000	2.000
118.000	2.000
120.000	2.000
122.000	2.000
124.000	2.000
126.000	2.000
128.000	2.000
130.000	2.000
132.000	2.000
134.000	2.000
136.000	2.000
138.000	2.000
140.000	2.000
142.000	2.000
144.000	2.000
146.000	2.000
148.000	2.000
150.000	2.000
152.000	2.000
154.000	2.000
156.000	2.000
158.000	2.000
160.000	2.000
162.000	2.000
164.000	2.000
166.000	2.000
168.000	2.000
170.000	2.000
172.000	2.000
174.000	2.000
176.000	2.000
178.000	2.000
180.000	2.000
182.000	2.000
184.000	2.000
186.000	2.000
188.000	2.000
190.000	2.000
192.000	2.000
194.000	2.000
196.000	2.000
198.000	2.000
200.000	2.000
202.000	2.000
204.000	2.000
206.000	2.000
208.000	2.000
210.000	2.000
212.000	2.000
214.000	2.000
216.000	2.000
218.000	2.000
220.000	2.000
222.000	2.000
224.000	2.000
226.000	2.000
228.000	2.000
230.000	2.000
232.000	2.000
234.000	2.000
236.000	2.000
238.000	2.000
240.000	2.000
242.000	2.000
244.000	2.000
246.000	2.000
248.000	2.000
250.000	2.000
252.000	2.000
254.000	2.000
256.000	2.000
258.000	2.000
260.000	2.000
262.000	2.000
264.000	2.000
266.000	2.000
268.000	2.000
270.000	2.000
272.000	2.000
274.000	2.000
276.000	2.000
278.000	2.000
280.000	2.000
282.000	2.000
284.000	2.000
286.000	2.000
288.000	2.000
290.000	2.000
292.000	2.000
294.000	2.000
296.000	2.000
298.000	2.000
300.000	2.000
