0	0.4
.4	0.4
.8	0.4
1.2	0.4
1.6	0.4
2.0	0.4
2.4	0.4
2.8	0.4
3.2	0.4
3.6	0.4
4.0	0.4
4.4	0.4
4.8	0.4
5.2	0.4
5.6	0.4
6.0	0.4
6.4	0.4
6.8	0.4
7.2	0.4
7.6	0.4
8.0	0.4
8.4	0.4
8.8	0.4
9.2	0.4
9.6	0.4
10.0	0.4
10.4	0.4
10.8	0.4
11.2	0.4
11.6	0.4
12.0	0.4
12.4	0.4
12.8	0.4
13.2	0.4
13.6	0.4
14.0	0.4
14.4	0.4
14.8	0.4
15.2	0.4
15.6	0.4
16.0	0.4
16.4	0.4
16.8	0.4
17.2	0.4
17.6	0.4
18.0	0.4
18.4	0.4
18.8	0.4
19.2	0.4
19.6	0.4
20.0	0.4
20.4	0.4
20.8	0.4
21.2	0.4
21.6	0.4
22.0	0.4
22.4	0.4
22.8	0.4
23.2	0.4
23.6	0.4
24.0	0.4
24.4	0.4
24.8	0.4
25.2	0.4
25.6	0.4
26.0	0.4
26.4	0.4
26.8	0.4
27.2	0.4
27.6	0.4
28.0	0.4
28.4	0.4
28.8	0.4
29.2	0.4
29.6	0.4
30.0	0.4
30.4	0.4
30.8	0.4
31.2	0.4
31.6	0.4
32.0	0.4
32.4	0.4
32.8	0.4
33.2	0.4
33.6	0.4
34.0	0.4
34.4	0.4
34.8	0.4
35.2	0.4
35.6	0.4
36.0	0.4
36.4	0.4
36.8	0.4
37.2	0.4
37.6	0.4
38.0	0.4
38.4	0.4
38.8	0.4
39.2	0.4
39.6	0.4
40.0	0.4
40.4	0.4
40.8	0.4
41.2	0.4
41.6	0.4
42.0	0.4
42.4	0.4
42.8	0.4
43.2	0.4
43.6	0.4
44.0	0.4
44.4	0.4
44.8	0.4
45.2	0.4
45.6	0.4
46.0	0.4
46.4	0.4
46.8	0.4
47.2	0.4
47.6	0.4
48.0	0.4
48.4	0.4
48.8	0.4
49.2	0.4
49.6	0.4
50.0	0.4
50.4	0.4
50.8	0.4
51.2	0.4
51.6	0.4
52.0	0.4
52.4	0.4
52.8	0.4
53.2	0.4
53.6	0.4
54.0	0.4
54.4	0.4
54.8	0.4
55.2	0.4
55.6	0.4
56.0	0.4
56.4	0.4
56.8	0.4
57.2	0.4
57.6	0.4
58.0	0.4
58.4	0.4
58.8	0.4
59.2	0.4
59.6	0.4
60.0	0.4
60.4	0.4
60.8	0.4
61.2	0.4
61.6	0.4
62.0	0.4
62.4	0.4
62.8	0.4
63.2	0.4
63.6	0.4
64.0	0.4
64.4	0.4
64.8	0.4
65.2	0.4
65.6	0.4
66.0	0.4
66.4	0.4
66.8	0.4
67.2	0.4
67.6	0.4
68.0	0.4
68.4	0.4
68.8	0.4
69.2	0.4
69.6	0.4
70.0	0.4
70.4	0.4
70.8	0.4
71.2	0.4
71.6	0.4
72.0	0.4
72.4	0.4
72.8	0.4
73.2	0.4
73.6	0.4
74.0	0.4
74.4	0.4
74.8	0.4
75.2	0.4
75.6	0.4
76.0	0.4
76.4	0.4
76.8	0.4
77.2	0.4
77.6	0.4
78.0	0.4
78.4	0.4
78.8	0.4
79.2	0.4
79.6	0.4
80.0	0.4
80.4	0.4
80.8	0.4
81.2	0.4
81.6	0.4
82.0	0.4
82.4	0.4
82.8	0.4
83.2	0.4
83.6	0.4
84.0	0.4
84.4	0.4
84.8	0.4
85.2	0.4
85.6	0.4
86.0	0.4
86.4	0.4
86.8	0.4
87.2	0.4
87.6	0.4
88.0	0.4
88.4	0.4
88.8	0.4
89.2	0.4
89.6	0.4
90.0	0.4
90.4	0.4
90.8	0.4
91.2	0.4
91.6	0.4
92.0	0.4
92.4	0.4
92.8	0.4
93.2	0.4
93.6	0.4
94.0	0.4
94.4	0.4
94.8	0.4
95.2	0.4
95.6	0.4
96.0	0.4
96.4	0.4
96.8	0.4
97.2	0.4
97.6	0.4
98.0	0.4
98.4	0.4
98.8	0.4
99.2	0.4
99.6	0.4
100.0	0.4
100.4	0.4
100.8	0.4
101.2	0.4
101.6	0.4
102.0	0.4
102.4	0.4
102.8	0.4
103.2	0.4
103.6	0.4
104.0	0.4
104.4	0.4
104.8	0.4
105.2	0.4
105.6	0.4
106.0	0.4
106.4	0.4
106.8	0.4
107.2	0.4
107.6	0.4
108.0	0.4
108.4	0.4
108.8	0.4
109.2	0.4
109.6	0.4
110.0	0.4
110.4	0.4
110.8	0.4
111.2	0.4
111.6	0.4
112.0	0.4
112.4	0.4
112.8	0.4
113.2	0.4
113.6	0.4
114.0	0.4
114.4	0.4
114.8	0.4
115.2	0.4
115.6	0.4
116.0	0.4
116.4	0.4
116.8	0.4
117.2	0.4
117.6	0.4
118.0	0.4
118.4	0.4
118.8	0.4
119.2	0.4
119.6	0.4
120.0	0.4
120.4	0.4
120.8	0.4
121.2	0.4
121.6	0.4
122.0	0.4
122.4	0.4
122.8	0.4
123.2	0.4
123.6	0.4
124.0	0.4
124.4	0.4
124.8	0.4
125.2	0.4
125.6	0.4
126.0	0.4
126.4	0.4
126.8	0.4
127.2	0.4
127.6	0.4
128.0	0.4
128.4	0.4
128.8	0.4
129.2	0.4
129.6	0.4
130.0	0.4
130.4	0.4
130.8	0.4
131.2	0.4
131.6	0.4
132.0	0.4
132.4	0.4
132.8	0.4
133.2	0.4
133.6	0.4
134.0	0.4
134.4	0.4
134.8	0.4
135.2	0.4
135.6	0.4
136.0	0.4
136.4	0.4
136.8	0.4
137.2	0.4
137.6	0.4
138.0	0.4
138.4	0.4
138.8	0.4
139.2	0.4
139.6	0.4
140.0	0.4
140.4	0.4
140.8	0.4
141.2	0.4
141.6	0.4
142.0	0.4
142.4	0.4
142.8	0.4
143.2	0.4
143.6	0.4
144.0	0.4
144.4	0.4
144.8	0.4
145.2	0.4
145.6	0.4
146.0	0.4
146.4	0.4
146.8	0.4
147.2	0.4
147.6	0.4
148.0	0.4
148.4	0.4
148.8	0.4
149.2	0.4
149.6	0.4
150.0	0.4
150.4	0.4
150.8	0.4
151.2	0.4
151.6	0.4
152.0	0.4
152.4	0.4
152.8	0.4
153.2	0.4
153.6	0.4
154.0	0.4
154.4	0.4
154.8	0.4
155.2	0.4
155.6	0.4
156.0	0.4
156.4	0.4
156.8	0.4
157.2	0.4
157.6	0.4
158.0	0.4
158.4	0.4
158.8	0.4
159.2	0.4
159.6	0.4
160.0	0.4
160.4	0.4
160.8	0.4
161.2	0.4
161.6	0.4
162.0	0.4
162.4	0.4
162.8	0.4
163.2	0.4
163.6	0.4
164.0	0.4
164.4	0.4
164.8	0.4
165.2	0.4
165.6	0.4
166.0	0.4
166.4	0.4
166.8	0.4
167.2	0.4
167.6	0.4
168.0	0.4
168.4	0.4
168.8	0.4
169.2	0.4
169.6	0.4
170.0	0.4
170.4	0.4
170.8	0.4
171.2	0.4
171.6	0.4
172.0	0.4
172.4	0.4
172.8	0.4
173.2	0.4
173.6	0.4
174.0	0.4
174.4	0.4
174.8	0.4
175.2	0.4
175.6	0.4
176.0	0.4
176.4	0.4
176.8	0.4
177.2	0.4
177.6	0.4
178.0	0.4
178.4	0.4
178.8	0.4
179.2	0.4
179.6	0.4
180.0	0.4
180.4	0.4
180.8	0.4
181.2	0.4
181.6	0.4
182.0	0.4
182.4	0.4
182.8	0.4
183.2	0.4
183.6	0.4
184.0	0.4
184.4	0.4
184.8	0.4
185.2	0.4
185.6	0.4
186.0	0.4
186.4	0.4
186.8	0.4
187.2	0.4
187.6	0.4
188.0	0.4
188.4	0.4
188.8	0.4
189.2	0.4
189.6	0.4
190.0	0.4
190.4	0.4
190.8	0.4
191.2	0.4
191.6	0.4
192.0	0.4
192.4	0.4
192.8	0.4
193.2	0.4
193.6	0.4
194.0	0.4
194.4	0.4
194.8	0.4
195.2	0.4
195.6	0.4
196.0	0.4
196.4	0.4
196.8	0.4
197.2	0.4
197.6	0.4
198.0	0.4
198.4	0.4
198.8	0.4
199.2	0.4
199.6	0.4
200.0	0.4
200.4	0.4
200.8	0.4
201.2	0.4
201.6	0.4
202.0	0.4
202.4	0.4
202.8	0.4
203.2	0.4
203.6	0.4
204.0	0.4
204.4	0.4
204.8	0.4
205.2	0.4
205.6	0.4
206.0	0.4
206.4	0.4
206.8	0.4
207.2	0.4
207.6	0.4
208.0	0.4
208.4	0.4
208.8	0.4
209.2	0.4
209.6	0.4
210.0	0.4
210.4	0.4
210.8	0.4
211.2	0.4
211.6	0.4
212.0	0.4
212.4	0.4
212.8	0.4
213.2	0.4
213.6	0.4
214.0	0.4
214.4	0.4
214.8	0.4
215.2	0.4
215.6	0.4
216.0	0.4
216.4	0.4
216.8	0.4
217.2	0.4
217.6	0.4
218.0	0.4
218.4	0.4
218.8	0.4
219.2	0.4
219.6	0.4
220.0	0.4
220.4	0.4
220.8	0.4
221.2	0.4
221.6	0.4
222.0	0.4
222.4	0.4
222.8	0.4
223.2	0.4
223.6	0.4
224.0	0.4
224.4	0.4
224.8	0.4
225.2	0.4
225.6	0.4
226.0	0.4
226.4	0.4
226.8	0.4
227.2	0.4
227.6	0.4
228.0	0.4
228.4	0.4
228.8	0.4
229.2	0.4
229.6	0.4
230.0	0.4
230.4	0.4
230.8	0.4
231.2	0.4
231.6	0.4
232.0	0.4
232.4	0.4
232.8	0.4
233.2	0.4
233.6	0.4
234.0	0.4
234.4	0.4
234.8	0.4
235.2	0.4
235.6	0.4
236.0	0.4
236.4	0.4
236.8	0.4
237.2	0.4
237.6	0.4
238.0	0.4
238.4	0.4
238.8	0.4
239.2	0.4
239.6	0.4
240.0	0.4
240.4	0.4
240.8	0.4
241.2	0.4
241.6	0.4
242.0	0.4
242.4	0.4
242.8	0.4
243.2	0.4
243.6	0.4
244.0	0.4
244.4	0.4
244.8	0.4
245.2	0.4
245.6	0.4
246.0	0.4
246.4	0.4
246.8	0.4
247.2	0.4
247.6	0.4
248.0	0.4
248.4	0.4
248.8	0.4
249.2	0.4
249.6	0.4
250.0	0.4
250.4	0.4
250.8	0.4
251.2	0.4
251.6	0.4
252.0	0.4
252.4	0.4
252.8	0.4
253.2	0.4
253.6	0.4
254.0	0.4
254.4	0.4
254.8	0.4
255.2	0.4
255.6	0.4
256.0	0.4
256.4	0.4
256.8	0.4
257.2	0.4
257.6	0.4
258.0	0.4
258.4	0.4
258.8	0.4
259.2	0.4
259.6	0.4
260.0	0.4
260.4	0.4
260.8	0.4
261.2	0.4
261.6	0.4
262.0	0.4
262.4	0.4
262.8	0.4
263.2	0.4
263.6	0.4
264.0	0.4
264.4	0.4
264.8	0.4
265.2	0.4
265.6	0.4
266.0	0.4
266.4	0.4
266.8	0.4
267.2	0.4
267.6	0.4
268.0	0.4
268.4	0.4
268.8	0.4
269.2	0.4
269.6	0.4
270.0	0.4
270.4	0.4
270.8	0.4
271.2	0.4
271.6	0.4
272.0	0.4
272.4	0.4
272.8	0.4
273.2	0.4
273.6	0.4
274.0	0.4
274.4	0.4
274.8	0.4
275.2	0.4
275.6	0.4
276.0	0.4
276.4	0.4
276.8	0.4
277.2	0.4
277.6	0.4
278.0	0.4
278.4	0.4
278.8	0.4
279.2	0.4
279.6	0.4
280.0	0.4
280.4	0.4
280.8	0.4
281.2	0.4
281.6	0.4
282.0	0.4
282.4	0.4
282.8	0.4
283.2	0.4
283.6	0.4
284.0	0.4
284.4	0.4
284.8	0.4
285.2	0.4
285.6	0.4
286.0	0.4
286.4	0.4
286.8	0.4
287.2	0.4
287.6	0.4
288.0	0.4
288.4	0.4
288.8	0.4
289.2	0.4
289.6	0.4
290.0	0.4
290.4	0.4
290.8	0.4
291.2	0.4
291.6	0.4
292.0	0.4
292.4	0.4
292.8	0.4
293.2	0.4
293.6	0.4
294.0	0.4
294.4	0.4
294.8	0.4
295.2	0.4
295.6	0.4
296.0	0.4
296.4	0.4
296.8	0.4
297.2	0.4
297.6	0.4
298.0	0.4
298.4	0.4
298.8	0.4
299.2	0.4
299.6	0.4
