.333	.333
.666	.333
1.000	.333
1.333	.333
1.666	.333
2.000	.333
2.333	.333
2.666	.333
3.000	.333
3.333	.333
3.666	.333
4.000	.333
4.333	.333
4.666	.333
5.000	.333
5.333	.333
5.666	.333
6.000	.333
6.333	.333
6.666	.333
7.000	.333
7.333	.333
7.666	.333
8.000	.333
8.333	.333
8.666	.333
9.000	.333
9.333	.333
9.666	.333
10.000	.333
10.333	.333
10.666	.333
11.000	.333
11.333	.333
11.666	.333
12.000	.333
12.333	.333
12.666	.333
13.000	.333
13.333	.333
13.666	.333
14.000	.333
14.333	.333
14.666	.333
15.000	.333
15.333	.333
15.666	.333
16.000	.333
16.333	.333
16.666	.333
17.000	.333
17.333	.333
17.666	.333
18.000	.333
18.333	.333
18.666	.333
19.000	.333
19.333	.333
19.666	.333
20.000	.333
20.333	.333
20.666	.333
21.000	.333
21.333	.333
21.666	.333
22.000	.333
22.333	.333
22.666	.333
23.000	.333
23.333	.333
23.666	.333
24.000	.333
24.333	.333
24.666	.333
25.000	.333
25.333	.333
25.666	.333
26.000	.333
26.333	.333
26.666	.333
27.000	.333
27.333	.333
27.666	.333
28.000	.333
28.333	.333
28.666	.333
29.000	.333
29.333	.333
29.666	.333
30.000	.333
30.333	.333
30.666	.333
31.000	.333
31.333	.333
31.666	.333
32.000	.333
32.333	.333
32.666	.333
33.000	.333
33.333	.333
33.666	.333
34.000	.333
34.333	.333
34.666	.333
35.000	.333
35.333	.333
35.666	.333
36.000	.333
36.333	.333
36.666	.333
37.000	.333
37.333	.333
37.666	.333
38.000	.333
38.333	.333
38.666	.333
39.000	.333
39.333	.333
39.666	.333
40.000	.333
40.333	.333
40.666	.333
41.000	.333
41.333	.333
41.666	.333
42.000	.333
42.333	.333
42.666	.333
43.000	.333
43.333	.333
43.666	.333
44.000	.333
44.333	.333
44.666	.333
45.000	.333
45.333	.333
45.666	.333
46.000	.333
46.333	.333
46.666	.333
47.000	.333
47.333	.333
47.666	.333
48.000	.333
48.333	.333
48.666	.333
49.000	.333
49.333	.333
49.666	.333
50.000	.333
50.333	.333
50.666	.333
51.000	.333
51.333	.333
51.666	.333
52.000	.333
52.333	.333
52.666	.333
53.000	.333
53.333	.333
53.666	.333
54.000	.333
54.333	.333
54.666	.333
55.000	.333
55.333	.333
55.666	.333
56.000	.333
56.333	.333
56.666	.333
57.000	.333
57.333	.333
57.666	.333
58.000	.333
58.333	.333
58.666	.333
59.000	.333
59.333	.333
59.666	.333
60.000	.333
60.333	.333
60.666	.333
61.000	.333
61.333	.333
61.666	.333
62.000	.333
62.333	.333
62.666	.333
63.000	.333
63.333	.333
63.666	.333
64.000	.333
64.333	.333
64.666	.333
65.000	.333
65.333	.333
65.666	.333
66.000	.333
66.333	.333
66.666	.333
67.000	.333
67.333	.333
67.666	.333
68.000	.333
68.333	.333
68.666	.333
69.000	.333
69.333	.333
69.666	.333
70.000	.333
70.333	.333
70.666	.333
71.000	.333
71.333	.333
71.666	.333
72.000	.333
72.333	.333
72.666	.333
73.000	.333
73.333	.333
73.666	.333
74.000	.333
74.333	.333
74.666	.333
75.000	.333
75.333	.333
75.666	.333
76.000	.333
76.333	.333
76.666	.333
77.000	.333
77.333	.333
77.666	.333
78.000	.333
78.333	.333
78.666	.333
79.000	.333
79.333	.333
79.666	.333
80.000	.333
80.333	.333
80.666	.333
81.000	.333
81.333	.333
81.666	.333
82.000	.333
82.333	.333
82.666	.333
83.000	.333
83.333	.333
83.666	.333
84.000	.333
84.333	.333
84.666	.333
85.000	.333
85.333	.333
85.666	.333
86.000	.333
86.333	.333
86.666	.333
87.000	.333
87.333	.333
87.666	.333
88.000	.333
88.333	.333
88.666	.333
89.000	.333
89.333	.333
89.666	.333
90.000	.333
90.333	.333
90.666	.333
91.000	.333
91.333	.333
91.666	.333
92.000	.333
92.333	.333
92.666	.333
93.000	.333
93.333	.333
93.666	.333
94.000	.333
94.333	.333
94.666	.333
95.000	.333
95.333	.333
95.666	.333
96.000	.333
96.333	.333
96.666	.333
97.000	.333
97.333	.333
97.666	.333
98.000	.333
98.333	.333
98.666	.333
99.000	.333
99.333	.333
99.666	.333
100.000	.333
100.333	.333
100.666	.333
101.000	.333
101.333	.333
101.666	.333
102.000	.333
102.333	.333
102.666	.333
103.000	.333
103.333	.333
103.666	.333
104.000	.333
104.333	.333
104.666	.333
105.000	.333
105.333	.333
105.666	.333
106.000	.333
106.333	.333
106.666	.333
107.000	.333
107.333	.333
107.666	.333
108.000	.333
108.333	.333
108.666	.333
109.000	.333
109.333	.333
109.666	.333
110.000	.333
110.333	.333
110.666	.333
111.000	.333
111.333	.333
111.666	.333
112.000	.333
112.333	.333
112.666	.333
113.000	.333
113.333	.333
113.666	.333
114.000	.333
114.333	.333
114.666	.333
115.000	.333
115.333	.333
115.666	.333
116.000	.333
116.333	.333
116.666	.333
117.000	.333
117.333	.333
117.666	.333
118.000	.333
118.333	.333
118.666	.333
119.000	.333
119.333	.333
119.666	.333
120.000	.333
120.333	.333
120.666	.333
121.000	.333
121.333	.333
121.666	.333
122.000	.333
122.333	.333
122.666	.333
123.000	.333
123.333	.333
123.666	.333
124.000	.333
124.333	.333
124.666	.333
125.000	.333
125.333	.333
125.666	.333
126.000	.333
126.333	.333
126.666	.333
127.000	.333
127.333	.333
127.666	.333
128.000	.333
128.333	.333
128.666	.333
129.000	.333
129.333	.333
129.666	.333
130.000	.333
130.333	.333
130.666	.333
131.000	.333
131.333	.333
131.666	.333
132.000	.333
132.333	.333
132.666	.333
133.000	.333
133.333	.333
133.666	.333
134.000	.333
134.333	.333
134.666	.333
135.000	.333
135.333	.333
135.666	.333
136.000	.333
136.333	.333
136.666	.333
137.000	.333
137.333	.333
137.666	.333
138.000	.333
138.333	.333
138.666	.333
139.000	.333
139.333	.333
139.666	.333
140.000	.333
140.333	.333
140.666	.333
141.000	.333
141.333	.333
141.666	.333
142.000	.333
142.333	.333
142.666	.333
143.000	.333
143.333	.333
143.666	.333
144.000	.333
144.333	.333
144.666	.333
145.000	.333
145.333	.333
145.666	.333
146.000	.333
146.333	.333
146.666	.333
147.000	.333
147.333	.333
147.666	.333
148.000	.333
148.333	.333
148.666	.333
149.000	.333
149.333	.333
149.666	.333
150.000	.333
150.333	.333
150.666	.333
151.000	.333
151.333	.333
151.666	.333
152.000	.333
152.333	.333
152.666	.333
153.000	.333
153.333	.333
153.666	.333
154.000	.333
154.333	.333
154.666	.333
155.000	.333
155.333	.333
155.666	.333
156.000	.333
156.333	.333
156.666	.333
157.000	.333
157.333	.333
157.666	.333
158.000	.333
158.333	.333
158.666	.333
159.000	.333
159.333	.333
159.666	.333
160.000	.333
160.333	.333
160.666	.333
161.000	.333
161.333	.333
161.666	.333
162.000	.333
162.333	.333
162.666	.333
163.000	.333
163.333	.333
163.666	.333
164.000	.333
164.333	.333
164.666	.333
165.000	.333
165.333	.333
165.666	.333
166.000	.333
166.333	.333
166.666	.333
167.000	.333
167.333	.333
167.666	.333
168.000	.333
168.333	.333
168.666	.333
169.000	.333
169.333	.333
169.666	.333
170.000	.333
170.333	.333
170.666	.333
171.000	.333
171.333	.333
171.666	.333
172.000	.333
172.333	.333
172.666	.333
173.000	.333
173.333	.333
173.666	.333
174.000	.333
174.333	.333
174.666	.333
175.000	.333
175.333	.333
175.666	.333
176.000	.333
176.333	.333
176.666	.333
177.000	.333
177.333	.333
177.666	.333
178.000	.333
178.333	.333
178.666	.333
179.000	.333
179.333	.333
179.666	.333
180.000	.333
180.333	.333
180.666	.333
181.000	.333
181.333	.333
181.666	.333
182.000	.333
182.333	.333
182.666	.333
183.000	.333
183.333	.333
183.666	.333
184.000	.333
184.333	.333
184.666	.333
185.000	.333
185.333	.333
185.666	.333
186.000	.333
186.333	.333
186.666	.333
187.000	.333
187.333	.333
187.666	.333
188.000	.333
188.333	.333
188.666	.333
189.000	.333
189.333	.333
189.666	.333
190.000	.333
190.333	.333
190.666	.333
191.000	.333
191.333	.333
191.666	.333
192.000	.333
192.333	.333
192.666	.333
193.000	.333
193.333	.333
193.666	.333
194.000	.333
194.333	.333
194.666	.333
195.000	.333
195.333	.333
195.666	.333
196.000	.333
196.333	.333
196.666	.333
197.000	.333
197.333	.333
197.666	.333
198.000	.333
198.333	.333
198.666	.333
199.000	.333
199.333	.333
199.666	.333
200.000	.333
200.333	.333
200.666	.333
201.000	.333
201.333	.333
201.666	.333
202.000	.333
202.333	.333
202.666	.333
203.000	.333
203.333	.333
203.666	.333
204.000	.333
204.333	.333
204.666	.333
205.000	.333
205.333	.333
205.666	.333
206.000	.333
206.333	.333
206.666	.333
207.000	.333
207.333	.333
207.666	.333
208.000	.333
208.333	.333
208.666	.333
209.000	.333
209.333	.333
209.666	.333
210.000	.333
210.333	.333
210.666	.333
211.000	.333
211.333	.333
211.666	.333
212.000	.333
212.333	.333
212.666	.333
213.000	.333
213.333	.333
213.666	.333
214.000	.333
214.333	.333
214.666	.333
215.000	.333
215.333	.333
215.666	.333
216.000	.333
216.333	.333
216.666	.333
217.000	.333
217.333	.333
217.666	.333
218.000	.333
218.333	.333
218.666	.333
219.000	.333
219.333	.333
219.666	.333
220.000	.333
220.333	.333
220.666	.333
221.000	.333
221.333	.333
221.666	.333
222.000	.333
222.333	.333
222.666	.333
223.000	.333
223.333	.333
223.666	.333
224.000	.333
224.333	.333
224.666	.333
225.000	.333
225.333	.333
225.666	.333
226.000	.333
226.333	.333
226.666	.333
227.000	.333
227.333	.333
227.666	.333
228.000	.333
228.333	.333
228.666	.333
229.000	.333
229.333	.333
229.666	.333
230.000	.333
230.333	.333
230.666	.333
231.000	.333
231.333	.333
231.666	.333
232.000	.333
232.333	.333
232.666	.333
233.000	.333
233.333	.333
233.666	.333
234.000	.333
234.333	.333
234.666	.333
235.000	.333
235.333	.333
235.666	.333
236.000	.333
236.333	.333
236.666	.333
237.000	.333
237.333	.333
237.666	.333
238.000	.333
238.333	.333
238.666	.333
239.000	.333
239.333	.333
239.666	.333
240.000	.333
240.333	.333
240.666	.333
241.000	.333
241.333	.333
241.666	.333
242.000	.333
242.333	.333
242.666	.333
243.000	.333
243.333	.333
243.666	.333
244.000	.333
244.333	.333
244.666	.333
245.000	.333
245.333	.333
245.666	.333
246.000	.333
246.333	.333
246.666	.333
247.000	.333
247.333	.333
247.666	.333
248.000	.333
248.333	.333
248.666	.333
249.000	.333
249.333	.333
249.666	.333
250.000	.333
250.333	.333
250.666	.333
251.000	.333
251.333	.333
251.666	.333
252.000	.333
252.333	.333
252.666	.333
253.000	.333
253.333	.333
253.666	.333
254.000	.333
254.333	.333
254.666	.333
255.000	.333
255.333	.333
255.666	.333
256.000	.333
256.333	.333
256.666	.333
257.000	.333
257.333	.333
257.666	.333
258.000	.333
258.333	.333
258.666	.333
259.000	.333
259.333	.333
259.666	.333
260.000	.333
260.333	.333
260.666	.333
261.000	.333
261.333	.333
261.666	.333
262.000	.333
262.333	.333
262.666	.333
263.000	.333
263.333	.333
263.666	.333
264.000	.333
264.333	.333
264.666	.333
265.000	.333
265.333	.333
265.666	.333
266.000	.333
266.333	.333
266.666	.333
267.000	.333
267.333	.333
267.666	.333
268.000	.333
268.333	.333
268.666	.333
269.000	.333
269.333	.333
269.666	.333
270.000	.333
270.333	.333
270.666	.333
271.000	.333
271.333	.333
271.666	.333
272.000	.333
272.333	.333
272.666	.333
273.000	.333
273.333	.333
273.666	.333
274.000	.333
274.333	.333
274.666	.333
275.000	.333
275.333	.333
275.666	.333
276.000	.333
276.333	.333
276.666	.333
277.000	.333
277.333	.333
277.666	.333
278.000	.333
278.333	.333
278.666	.333
279.000	.333
279.333	.333
279.666	.333
280.000	.333
280.333	.333
280.666	.333
281.000	.333
281.333	.333
281.666	.333
282.000	.333
282.333	.333
282.666	.333
283.000	.333
283.333	.333
283.666	.333
284.000	.333
284.333	.333
284.666	.333
285.000	.333
285.333	.333
285.666	.333
286.000	.333
286.333	.333
286.666	.333
287.000	.333
287.333	.333
287.666	.333
288.000	.333
288.333	.333
288.666	.333
289.000	.333
289.333	.333
289.666	.333
290.000	.333
290.333	.333
290.666	.333
291.000	.333
291.333	.333
291.666	.333
292.000	.333
292.333	.333
292.666	.333
293.000	.333
293.333	.333
293.666	.333
294.000	.333
294.333	.333
294.666	.333
295.000	.333
295.333	.333
295.666	.333
296.000	.333
296.333	.333
296.666	.333
297.000	.333
297.333	.333
297.666	.333
298.000	.333
298.333	.333
298.666	.333
299.000	.333
299.333	.333
299.666	.333
300.000	.333
