.066	.066
.133	.066
.200	.066
.266	.066
.333	.066
.400	.066
.466	.066
.533	.066
.600	.066
.666	.066
.733	.066
.800	.066
.866	.066
.933	.066
1.000	.066
1.066	.066
1.133	.066
1.200	.066
1.266	.066
1.333	.066
1.400	.066
1.466	.066
1.533	.066
1.600	.066
1.666	.066
1.733	.066
1.800	.066
1.866	.066
1.933	.066
2.000	.066
2.066	.066
2.133	.066
2.200	.066
2.266	.066
2.333	.066
2.400	.066
2.466	.066
2.533	.066
2.600	.066
2.666	.066
2.733	.066
2.800	.066
2.866	.066
2.933	.066
3.000	.066
3.066	.066
3.133	.066
3.200	.066
3.266	.066
3.333	.066
3.400	.066
3.466	.066
3.533	.066
3.600	.066
3.666	.066
3.733	.066
3.800	.066
3.866	.066
3.933	.066
4.000	.066
4.066	.066
4.133	.066
4.200	.066
4.266	.066
4.333	.066
4.400	.066
4.466	.066
4.533	.066
4.600	.066
4.666	.066
4.733	.066
4.800	.066
4.866	.066
4.933	.066
5.000	.066
5.066	.066
5.133	.066
5.200	.066
5.266	.066
5.333	.066
5.400	.066
5.466	.066
5.533	.066
5.600	.066
5.666	.066
5.733	.066
5.800	.066
5.866	.066
5.933	.066
6.000	.066
6.066	.066
6.133	.066
6.200	.066
6.266	.066
6.333	.066
6.400	.066
6.466	.066
6.533	.066
6.600	.066
6.666	.066
6.733	.066
6.800	.066
6.866	.066
6.933	.066
7.000	.066
7.066	.066
7.133	.066
7.200	.066
7.266	.066
7.333	.066
7.400	.066
7.466	.066
7.533	.066
7.600	.066
7.666	.066
7.733	.066
7.800	.066
7.866	.066
7.933	.066
8.000	.066
8.066	.066
8.133	.066
8.200	.066
8.266	.066
8.333	.066
8.400	.066
8.466	.066
8.533	.066
8.600	.066
8.666	.066
8.733	.066
8.800	.066
8.866	.066
8.933	.066
9.000	.066
9.066	.066
9.133	.066
9.200	.066
9.266	.066
9.333	.066
9.400	.066
9.466	.066
9.533	.066
9.600	.066
9.666	.066
9.733	.066
9.800	.066
9.866	.066
9.933	.066
10.000	.066
10.066	.066
10.133	.066
10.200	.066
10.266	.066
10.333	.066
10.400	.066
10.466	.066
10.533	.066
10.600	.066
10.666	.066
10.733	.066
10.800	.066
10.866	.066
10.933	.066
11.000	.066
11.066	.066
11.133	.066
11.200	.066
11.266	.066
11.333	.066
11.400	.066
11.466	.066
11.533	.066
11.600	.066
11.666	.066
11.733	.066
11.800	.066
11.866	.066
11.933	.066
12.000	.066
12.066	.066
12.133	.066
12.200	.066
12.266	.066
12.333	.066
12.400	.066
12.466	.066
12.533	.066
12.600	.066
12.666	.066
12.733	.066
12.800	.066
12.866	.066
12.933	.066
13.000	.066
13.066	.066
13.133	.066
13.200	.066
13.266	.066
13.333	.066
13.400	.066
13.466	.066
13.533	.066
13.600	.066
13.666	.066
13.733	.066
13.800	.066
13.866	.066
13.933	.066
14.000	.066
14.066	.066
14.133	.066
14.200	.066
14.266	.066
14.333	.066
14.400	.066
14.466	.066
14.533	.066
14.600	.066
14.666	.066
14.733	.066
14.800	.066
14.866	.066
14.933	.066
15.000	.066
15.066	.066
15.133	.066
15.200	.066
15.266	.066
15.333	.066
15.400	.066
15.466	.066
15.533	.066
15.600	.066
15.666	.066
15.733	.066
15.800	.066
15.866	.066
15.933	.066
16.000	.066
16.066	.066
16.133	.066
16.200	.066
16.266	.066
16.333	.066
16.400	.066
16.466	.066
16.533	.066
16.600	.066
16.666	.066
16.733	.066
16.800	.066
16.866	.066
16.933	.066
17.000	.066
17.066	.066
17.133	.066
17.200	.066
17.266	.066
17.333	.066
17.400	.066
17.466	.066
17.533	.066
17.600	.066
17.666	.066
17.733	.066
17.800	.066
17.866	.066
17.933	.066
18.000	.066
18.066	.066
18.133	.066
18.200	.066
18.266	.066
18.333	.066
18.400	.066
18.466	.066
18.533	.066
18.600	.066
18.666	.066
18.733	.066
18.800	.066
18.866	.066
18.933	.066
19.000	.066
19.066	.066
19.133	.066
19.200	.066
19.266	.066
19.333	.066
19.400	.066
19.466	.066
19.533	.066
19.600	.066
19.666	.066
19.733	.066
19.800	.066
19.866	.066
19.933	.066
20.000	.066
20.066	.066
20.133	.066
20.200	.066
20.266	.066
20.333	.066
20.400	.066
20.466	.066
20.533	.066
20.600	.066
20.666	.066
20.733	.066
20.800	.066
20.866	.066
20.933	.066
21.000	.066
21.066	.066
21.133	.066
21.200	.066
21.266	.066
21.333	.066
21.400	.066
21.466	.066
21.533	.066
21.600	.066
21.666	.066
21.733	.066
21.800	.066
21.866	.066
21.933	.066
22.000	.066
22.066	.066
22.133	.066
22.200	.066
22.266	.066
22.333	.066
22.400	.066
22.466	.066
22.533	.066
22.600	.066
22.666	.066
22.733	.066
22.800	.066
22.866	.066
22.933	.066
23.000	.066
23.066	.066
23.133	.066
23.200	.066
23.266	.066
23.333	.066
23.400	.066
23.466	.066
23.533	.066
23.600	.066
23.666	.066
23.733	.066
23.800	.066
23.866	.066
23.933	.066
24.000	.066
24.066	.066
24.133	.066
24.200	.066
24.266	.066
24.333	.066
24.400	.066
24.466	.066
24.533	.066
24.600	.066
24.666	.066
24.733	.066
24.800	.066
24.866	.066
24.933	.066
25.000	.066
25.066	.066
25.133	.066
25.200	.066
25.266	.066
25.333	.066
25.400	.066
25.466	.066
25.533	.066
25.600	.066
25.666	.066
25.733	.066
25.800	.066
25.866	.066
25.933	.066
26.000	.066
26.066	.066
26.133	.066
26.200	.066
26.266	.066
26.333	.066
26.400	.066
26.466	.066
26.533	.066
26.600	.066
26.666	.066
26.733	.066
26.800	.066
26.866	.066
26.933	.066
27.000	.066
27.066	.066
27.133	.066
27.200	.066
27.266	.066
27.333	.066
27.400	.066
27.466	.066
27.533	.066
27.600	.066
27.666	.066
27.733	.066
27.800	.066
27.866	.066
27.933	.066
28.000	.066
28.066	.066
28.133	.066
28.200	.066
28.266	.066
28.333	.066
28.400	.066
28.466	.066
28.533	.066
28.600	.066
28.666	.066
28.733	.066
28.800	.066
28.866	.066
28.933	.066
29.000	.066
29.066	.066
29.133	.066
29.200	.066
29.266	.066
29.333	.066
29.400	.066
29.466	.066
29.533	.066
29.600	.066
29.666	.066
29.733	.066
29.800	.066
29.866	.066
29.933	.066
30.000	.066
30.066	.066
30.133	.066
30.200	.066
30.266	.066
30.333	.066
30.400	.066
30.466	.066
30.533	.066
30.600	.066
30.666	.066
30.733	.066
30.800	.066
30.866	.066
30.933	.066
31.000	.066
31.066	.066
31.133	.066
31.200	.066
31.266	.066
31.333	.066
31.400	.066
31.466	.066
31.533	.066
31.600	.066
31.666	.066
31.733	.066
31.800	.066
31.866	.066
31.933	.066
32.000	.066
32.066	.066
32.133	.066
32.200	.066
32.266	.066
32.333	.066
32.400	.066
32.466	.066
32.533	.066
32.600	.066
32.666	.066
32.733	.066
32.800	.066
32.866	.066
32.933	.066
33.000	.066
33.066	.066
33.133	.066
33.200	.066
33.266	.066
33.333	.066
33.400	.066
33.466	.066
33.533	.066
33.600	.066
33.666	.066
33.733	.066
33.800	.066
33.866	.066
33.933	.066
34.000	.066
34.066	.066
34.133	.066
34.200	.066
34.266	.066
34.333	.066
34.400	.066
34.466	.066
34.533	.066
34.600	.066
34.666	.066
34.733	.066
34.800	.066
34.866	.066
34.933	.066
35.000	.066
35.066	.066
35.133	.066
35.200	.066
35.266	.066
35.333	.066
35.400	.066
35.466	.066
35.533	.066
35.600	.066
35.666	.066
35.733	.066
35.800	.066
35.866	.066
35.933	.066
36.000	.066
36.066	.066
36.133	.066
36.200	.066
36.266	.066
36.333	.066
36.400	.066
36.466	.066
36.533	.066
36.600	.066
36.666	.066
36.733	.066
36.800	.066
36.866	.066
36.933	.066
37.000	.066
37.066	.066
37.133	.066
37.200	.066
37.266	.066
37.333	.066
37.400	.066
37.466	.066
37.533	.066
37.600	.066
37.666	.066
37.733	.066
37.800	.066
37.866	.066
37.933	.066
38.000	.066
38.066	.066
38.133	.066
38.200	.066
38.266	.066
38.333	.066
38.400	.066
38.466	.066
38.533	.066
38.600	.066
38.666	.066
38.733	.066
38.800	.066
38.866	.066
38.933	.066
39.000	.066
39.066	.066
39.133	.066
39.200	.066
39.266	.066
39.333	.066
39.400	.066
39.466	.066
39.533	.066
39.600	.066
39.666	.066
39.733	.066
39.800	.066
39.866	.066
39.933	.066
40.000	.066
40.066	.066
40.133	.066
40.200	.066
40.266	.066
40.333	.066
40.400	.066
40.466	.066
40.533	.066
40.600	.066
40.666	.066
40.733	.066
40.800	.066
40.866	.066
40.933	.066
41.000	.066
41.066	.066
41.133	.066
41.200	.066
41.266	.066
41.333	.066
41.400	.066
41.466	.066
41.533	.066
41.600	.066
41.666	.066
41.733	.066
41.800	.066
41.866	.066
41.933	.066
42.000	.066
42.066	.066
42.133	.066
42.200	.066
42.266	.066
42.333	.066
42.400	.066
42.466	.066
42.533	.066
42.600	.066
42.666	.066
42.733	.066
42.800	.066
42.866	.066
42.933	.066
43.000	.066
43.066	.066
43.133	.066
43.200	.066
43.266	.066
43.333	.066
43.400	.066
43.466	.066
43.533	.066
43.600	.066
43.666	.066
43.733	.066
43.800	.066
43.866	.066
43.933	.066
44.000	.066
44.066	.066
44.133	.066
44.200	.066
44.266	.066
44.333	.066
44.400	.066
44.466	.066
44.533	.066
44.600	.066
44.666	.066
44.733	.066
44.800	.066
44.866	.066
44.933	.066
45.000	.066
45.066	.066
45.133	.066
45.200	.066
45.266	.066
45.333	.066
45.400	.066
45.466	.066
45.533	.066
45.600	.066
45.666	.066
45.733	.066
45.800	.066
45.866	.066
45.933	.066
46.000	.066
46.066	.066
46.133	.066
46.200	.066
46.266	.066
46.333	.066
46.400	.066
46.466	.066
46.533	.066
46.600	.066
46.666	.066
46.733	.066
46.800	.066
46.866	.066
46.933	.066
47.000	.066
47.066	.066
47.133	.066
47.200	.066
47.266	.066
47.333	.066
47.400	.066
47.466	.066
47.533	.066
47.600	.066
47.666	.066
47.733	.066
47.800	.066
47.866	.066
47.933	.066
48.000	.066
48.066	.066
48.133	.066
48.200	.066
48.266	.066
48.333	.066
48.400	.066
48.466	.066
48.533	.066
48.600	.066
48.666	.066
48.733	.066
48.800	.066
48.866	.066
48.933	.066
49.000	.066
49.066	.066
49.133	.066
49.200	.066
49.266	.066
49.333	.066
49.400	.066
49.466	.066
49.533	.066
49.600	.066
49.666	.066
49.733	.066
49.800	.066
49.866	.066
49.933	.066
50.000	.066
50.066	.066
50.133	.066
50.200	.066
50.266	.066
50.333	.066
50.400	.066
50.466	.066
50.533	.066
50.600	.066
50.666	.066
50.733	.066
50.800	.066
50.866	.066
50.933	.066
51.000	.066
51.066	.066
51.133	.066
51.200	.066
51.266	.066
51.333	.066
51.400	.066
51.466	.066
51.533	.066
51.600	.066
51.666	.066
51.733	.066
51.800	.066
51.866	.066
51.933	.066
52.000	.066
52.066	.066
52.133	.066
52.200	.066
52.266	.066
52.333	.066
52.400	.066
52.466	.066
52.533	.066
52.600	.066
52.666	.066
52.733	.066
52.800	.066
52.866	.066
52.933	.066
53.000	.066
53.066	.066
53.133	.066
53.200	.066
53.266	.066
53.333	.066
53.400	.066
53.466	.066
53.533	.066
53.600	.066
53.666	.066
53.733	.066
53.800	.066
53.866	.066
53.933	.066
54.000	.066
54.066	.066
54.133	.066
54.200	.066
54.266	.066
54.333	.066
54.400	.066
54.466	.066
54.533	.066
54.600	.066
54.666	.066
54.733	.066
54.800	.066
54.866	.066
54.933	.066
55.000	.066
55.066	.066
55.133	.066
55.200	.066
55.266	.066
55.333	.066
55.400	.066
55.466	.066
55.533	.066
55.600	.066
55.666	.066
55.733	.066
55.800	.066
55.866	.066
55.933	.066
56.000	.066
56.066	.066
56.133	.066
56.200	.066
56.266	.066
56.333	.066
56.400	.066
56.466	.066
56.533	.066
56.600	.066
56.666	.066
56.733	.066
56.800	.066
56.866	.066
56.933	.066
57.000	.066
57.066	.066
57.133	.066
57.200	.066
57.266	.066
57.333	.066
57.400	.066
57.466	.066
57.533	.066
57.600	.066
57.666	.066
57.733	.066
57.800	.066
57.866	.066
57.933	.066
58.000	.066
58.066	.066
58.133	.066
58.200	.066
58.266	.066
58.333	.066
58.400	.066
58.466	.066
58.533	.066
58.600	.066
58.666	.066
58.733	.066
58.800	.066
58.866	.066
58.933	.066
59.000	.066
59.066	.066
59.133	.066
59.200	.066
59.266	.066
59.333	.066
59.400	.066
59.466	.066
59.533	.066
59.600	.066
59.666	.066
59.733	.066
59.800	.066
59.866	.066
59.933	.066
60.000	.066
60.066	.066
60.133	.066
60.200	.066
60.266	.066
60.333	.066
60.400	.066
60.466	.066
60.533	.066
60.600	.066
60.666	.066
60.733	.066
60.800	.066
60.866	.066
60.933	.066
61.000	.066
61.066	.066
61.133	.066
61.200	.066
61.266	.066
61.333	.066
61.400	.066
61.466	.066
61.533	.066
61.600	.066
61.666	.066
61.733	.066
61.800	.066
61.866	.066
61.933	.066
62.000	.066
62.066	.066
62.133	.066
62.200	.066
62.266	.066
62.333	.066
62.400	.066
62.466	.066
62.533	.066
62.600	.066
62.666	.066
62.733	.066
62.800	.066
62.866	.066
62.933	.066
63.000	.066
63.066	.066
63.133	.066
63.200	.066
63.266	.066
63.333	.066
63.400	.066
63.466	.066
63.533	.066
63.600	.066
63.666	.066
63.733	.066
63.800	.066
63.866	.066
63.933	.066
64.000	.066
64.066	.066
64.133	.066
64.200	.066
64.266	.066
64.333	.066
64.400	.066
64.466	.066
64.533	.066
64.600	.066
64.666	.066
64.733	.066
64.800	.066
64.866	.066
64.933	.066
65.000	.066
65.066	.066
65.133	.066
65.200	.066
65.266	.066
65.333	.066
65.400	.066
65.466	.066
65.533	.066
65.600	.066
65.666	.066
65.733	.066
65.800	.066
65.866	.066
65.933	.066
66.000	.066
66.066	.066
66.133	.066
66.200	.066
66.266	.066
66.333	.066
66.400	.066
66.466	.066
66.533	.066
66.600	.066
66.666	.066
66.733	.066
66.800	.066
66.866	.066
66.933	.066
67.000	.066
67.066	.066
67.133	.066
67.200	.066
67.266	.066
67.333	.066
67.400	.066
67.466	.066
67.533	.066
67.600	.066
67.666	.066
67.733	.066
67.800	.066
67.866	.066
67.933	.066
68.000	.066
68.066	.066
68.133	.066
68.200	.066
68.266	.066
68.333	.066
68.400	.066
68.466	.066
68.533	.066
68.600	.066
68.666	.066
68.733	.066
68.800	.066
68.866	.066
68.933	.066
69.000	.066
69.066	.066
69.133	.066
69.200	.066
69.266	.066
69.333	.066
69.400	.066
69.466	.066
69.533	.066
69.600	.066
69.666	.066
69.733	.066
69.800	.066
69.866	.066
69.933	.066
70.000	.066
70.066	.066
70.133	.066
70.200	.066
70.266	.066
70.333	.066
70.400	.066
70.466	.066
70.533	.066
70.600	.066
70.666	.066
70.733	.066
70.800	.066
70.866	.066
70.933	.066
71.000	.066
71.066	.066
71.133	.066
71.200	.066
71.266	.066
71.333	.066
71.400	.066
71.466	.066
71.533	.066
71.600	.066
71.666	.066
71.733	.066
71.800	.066
71.866	.066
71.933	.066
72.000	.066
72.066	.066
72.133	.066
72.200	.066
72.266	.066
72.333	.066
72.400	.066
72.466	.066
72.533	.066
72.600	.066
72.666	.066
72.733	.066
72.800	.066
72.866	.066
72.933	.066
73.000	.066
73.066	.066
73.133	.066
73.200	.066
73.266	.066
73.333	.066
73.400	.066
73.466	.066
73.533	.066
73.600	.066
73.666	.066
73.733	.066
73.800	.066
73.866	.066
73.933	.066
74.000	.066
74.066	.066
74.133	.066
74.200	.066
74.266	.066
74.333	.066
74.400	.066
74.466	.066
74.533	.066
74.600	.066
74.666	.066
74.733	.066
74.800	.066
74.866	.066
74.933	.066
75.000	.066
75.066	.066
75.133	.066
75.200	.066
75.266	.066
75.333	.066
75.400	.066
75.466	.066
75.533	.066
75.600	.066
75.666	.066
75.733	.066
75.800	.066
75.866	.066
75.933	.066
76.000	.066
76.066	.066
76.133	.066
76.200	.066
76.266	.066
76.333	.066
76.400	.066
76.466	.066
76.533	.066
76.600	.066
76.666	.066
76.733	.066
76.800	.066
76.866	.066
76.933	.066
77.000	.066
77.066	.066
77.133	.066
77.200	.066
77.266	.066
77.333	.066
77.400	.066
77.466	.066
77.533	.066
77.600	.066
77.666	.066
77.733	.066
77.800	.066
77.866	.066
77.933	.066
78.000	.066
78.066	.066
78.133	.066
78.200	.066
78.266	.066
78.333	.066
78.400	.066
78.466	.066
78.533	.066
78.600	.066
78.666	.066
78.733	.066
78.800	.066
78.866	.066
78.933	.066
79.000	.066
79.066	.066
79.133	.066
79.200	.066
79.266	.066
79.333	.066
79.400	.066
79.466	.066
79.533	.066
79.600	.066
79.666	.066
79.733	.066
79.800	.066
79.866	.066
79.933	.066
80.000	.066
80.066	.066
80.133	.066
80.200	.066
80.266	.066
80.333	.066
80.400	.066
80.466	.066
80.533	.066
80.600	.066
80.666	.066
80.733	.066
80.800	.066
80.866	.066
80.933	.066
81.000	.066
81.066	.066
81.133	.066
81.200	.066
81.266	.066
81.333	.066
81.400	.066
81.466	.066
81.533	.066
81.600	.066
81.666	.066
81.733	.066
81.800	.066
81.866	.066
81.933	.066
82.000	.066
82.066	.066
82.133	.066
82.200	.066
82.266	.066
82.333	.066
82.400	.066
82.466	.066
82.533	.066
82.600	.066
82.666	.066
82.733	.066
82.800	.066
82.866	.066
82.933	.066
83.000	.066
83.066	.066
83.133	.066
83.200	.066
83.266	.066
83.333	.066
83.400	.066
83.466	.066
83.533	.066
83.600	.066
83.666	.066
83.733	.066
83.800	.066
83.866	.066
83.933	.066
84.000	.066
84.066	.066
84.133	.066
84.200	.066
84.266	.066
84.333	.066
84.400	.066
84.466	.066
84.533	.066
84.600	.066
84.666	.066
84.733	.066
84.800	.066
84.866	.066
84.933	.066
85.000	.066
85.066	.066
85.133	.066
85.200	.066
85.266	.066
85.333	.066
85.400	.066
85.466	.066
85.533	.066
85.600	.066
85.666	.066
85.733	.066
85.800	.066
85.866	.066
85.933	.066
86.000	.066
86.066	.066
86.133	.066
86.200	.066
86.266	.066
86.333	.066
86.400	.066
86.466	.066
86.533	.066
86.600	.066
86.666	.066
86.733	.066
86.800	.066
86.866	.066
86.933	.066
87.000	.066
87.066	.066
87.133	.066
87.200	.066
87.266	.066
87.333	.066
87.400	.066
87.466	.066
87.533	.066
87.600	.066
87.666	.066
87.733	.066
87.800	.066
87.866	.066
87.933	.066
88.000	.066
88.066	.066
88.133	.066
88.200	.066
88.266	.066
88.333	.066
88.400	.066
88.466	.066
88.533	.066
88.600	.066
88.666	.066
88.733	.066
88.800	.066
88.866	.066
88.933	.066
89.000	.066
89.066	.066
89.133	.066
89.200	.066
89.266	.066
89.333	.066
89.400	.066
89.466	.066
89.533	.066
89.600	.066
89.666	.066
89.733	.066
89.800	.066
89.866	.066
89.933	.066
90.000	.066
90.066	.066
90.133	.066
90.200	.066
90.266	.066
90.333	.066
90.400	.066
90.466	.066
90.533	.066
90.600	.066
90.666	.066
90.733	.066
90.800	.066
90.866	.066
90.933	.066
91.000	.066
91.066	.066
91.133	.066
91.200	.066
91.266	.066
91.333	.066
91.400	.066
91.466	.066
91.533	.066
91.600	.066
91.666	.066
91.733	.066
91.800	.066
91.866	.066
91.933	.066
92.000	.066
92.066	.066
92.133	.066
92.200	.066
92.266	.066
92.333	.066
92.400	.066
92.466	.066
92.533	.066
92.600	.066
92.666	.066
92.733	.066
92.800	.066
92.866	.066
92.933	.066
93.000	.066
93.066	.066
93.133	.066
93.200	.066
93.266	.066
93.333	.066
93.400	.066
93.466	.066
93.533	.066
93.600	.066
93.666	.066
93.733	.066
93.800	.066
93.866	.066
93.933	.066
94.000	.066
94.066	.066
94.133	.066
94.200	.066
94.266	.066
94.333	.066
94.400	.066
94.466	.066
94.533	.066
94.600	.066
94.666	.066
94.733	.066
94.800	.066
94.866	.066
94.933	.066
95.000	.066
95.066	.066
95.133	.066
95.200	.066
95.266	.066
95.333	.066
95.400	.066
95.466	.066
95.533	.066
95.600	.066
95.666	.066
95.733	.066
95.800	.066
95.866	.066
95.933	.066
96.000	.066
96.066	.066
96.133	.066
96.200	.066
96.266	.066
96.333	.066
96.400	.066
96.466	.066
96.533	.066
96.600	.066
96.666	.066
96.733	.066
96.800	.066
96.866	.066
96.933	.066
97.000	.066
97.066	.066
97.133	.066
97.200	.066
97.266	.066
97.333	.066
97.400	.066
97.466	.066
97.533	.066
97.600	.066
97.666	.066
97.733	.066
97.800	.066
97.866	.066
97.933	.066
98.000	.066
98.066	.066
98.133	.066
98.200	.066
98.266	.066
98.333	.066
98.400	.066
98.466	.066
98.533	.066
98.600	.066
98.666	.066
98.733	.066
98.800	.066
98.866	.066
98.933	.066
99.000	.066
99.066	.066
99.133	.066
99.200	.066
99.266	.066
99.333	.066
99.400	.066
99.466	.066
99.533	.066
99.600	.066
99.666	.066
99.733	.066
99.800	.066
99.866	.066
99.933	.066
100.000	.066
100.066	.066
100.133	.066
100.200	.066
100.266	.066
100.333	.066
100.400	.066
100.466	.066
100.533	.066
100.600	.066
100.666	.066
100.733	.066
100.800	.066
100.866	.066
100.933	.066
101.000	.066
101.066	.066
101.133	.066
101.200	.066
101.266	.066
101.333	.066
101.400	.066
101.466	.066
101.533	.066
101.600	.066
101.666	.066
101.733	.066
101.800	.066
101.866	.066
101.933	.066
102.000	.066
102.066	.066
102.133	.066
102.200	.066
102.266	.066
102.333	.066
102.400	.066
102.466	.066
102.533	.066
102.600	.066
102.666	.066
102.733	.066
102.800	.066
102.866	.066
102.933	.066
103.000	.066
103.066	.066
103.133	.066
103.200	.066
103.266	.066
103.333	.066
103.400	.066
103.466	.066
103.533	.066
103.600	.066
103.666	.066
103.733	.066
103.800	.066
103.866	.066
103.933	.066
104.000	.066
104.066	.066
104.133	.066
104.200	.066
104.266	.066
104.333	.066
104.400	.066
104.466	.066
104.533	.066
104.600	.066
104.666	.066
104.733	.066
104.800	.066
104.866	.066
104.933	.066
105.000	.066
105.066	.066
105.133	.066
105.200	.066
105.266	.066
105.333	.066
105.400	.066
105.466	.066
105.533	.066
105.600	.066
105.666	.066
105.733	.066
105.800	.066
105.866	.066
105.933	.066
106.000	.066
106.066	.066
106.133	.066
106.200	.066
106.266	.066
106.333	.066
106.400	.066
106.466	.066
106.533	.066
106.600	.066
106.666	.066
106.733	.066
106.800	.066
106.866	.066
106.933	.066
107.000	.066
107.066	.066
107.133	.066
107.200	.066
107.266	.066
107.333	.066
107.400	.066
107.466	.066
107.533	.066
107.600	.066
107.666	.066
107.733	.066
107.800	.066
107.866	.066
107.933	.066
108.000	.066
108.066	.066
108.133	.066
108.200	.066
108.266	.066
108.333	.066
108.400	.066
108.466	.066
108.533	.066
108.600	.066
108.666	.066
108.733	.066
108.800	.066
108.866	.066
108.933	.066
109.000	.066
109.066	.066
109.133	.066
109.200	.066
109.266	.066
109.333	.066
109.400	.066
109.466	.066
109.533	.066
109.600	.066
109.666	.066
109.733	.066
109.800	.066
109.866	.066
109.933	.066
110.000	.066
110.066	.066
110.133	.066
110.200	.066
110.266	.066
110.333	.066
110.400	.066
110.466	.066
110.533	.066
110.600	.066
110.666	.066
110.733	.066
110.800	.066
110.866	.066
110.933	.066
111.000	.066
111.066	.066
111.133	.066
111.200	.066
111.266	.066
111.333	.066
111.400	.066
111.466	.066
111.533	.066
111.600	.066
111.666	.066
111.733	.066
111.800	.066
111.866	.066
111.933	.066
112.000	.066
112.066	.066
112.133	.066
112.200	.066
112.266	.066
112.333	.066
112.400	.066
112.466	.066
112.533	.066
112.600	.066
112.666	.066
112.733	.066
112.800	.066
112.866	.066
112.933	.066
113.000	.066
113.066	.066
113.133	.066
113.200	.066
113.266	.066
113.333	.066
113.400	.066
113.466	.066
113.533	.066
113.600	.066
113.666	.066
113.733	.066
113.800	.066
113.866	.066
113.933	.066
114.000	.066
114.066	.066
114.133	.066
114.200	.066
114.266	.066
114.333	.066
114.400	.066
114.466	.066
114.533	.066
114.600	.066
114.666	.066
114.733	.066
114.800	.066
114.866	.066
114.933	.066
115.000	.066
115.066	.066
115.133	.066
115.200	.066
115.266	.066
115.333	.066
115.400	.066
115.466	.066
115.533	.066
115.600	.066
115.666	.066
115.733	.066
115.800	.066
115.866	.066
115.933	.066
116.000	.066
116.066	.066
116.133	.066
116.200	.066
116.266	.066
116.333	.066
116.400	.066
116.466	.066
116.533	.066
116.600	.066
116.666	.066
116.733	.066
116.800	.066
116.866	.066
116.933	.066
117.000	.066
117.066	.066
117.133	.066
117.200	.066
117.266	.066
117.333	.066
117.400	.066
117.466	.066
117.533	.066
117.600	.066
117.666	.066
117.733	.066
117.800	.066
117.866	.066
117.933	.066
118.000	.066
118.066	.066
118.133	.066
118.200	.066
118.266	.066
118.333	.066
118.400	.066
118.466	.066
118.533	.066
118.600	.066
118.666	.066
118.733	.066
118.800	.066
118.866	.066
118.933	.066
119.000	.066
119.066	.066
119.133	.066
119.200	.066
119.266	.066
119.333	.066
119.400	.066
119.466	.066
119.533	.066
119.600	.066
119.666	.066
119.733	.066
119.800	.066
119.866	.066
119.933	.066
120.000	.066
120.066	.066
120.133	.066
120.200	.066
120.266	.066
120.333	.066
120.400	.066
120.466	.066
120.533	.066
120.600	.066
120.666	.066
120.733	.066
120.800	.066
120.866	.066
120.933	.066
121.000	.066
121.066	.066
121.133	.066
121.200	.066
121.266	.066
121.333	.066
121.400	.066
121.466	.066
121.533	.066
121.600	.066
121.666	.066
121.733	.066
121.800	.066
121.866	.066
121.933	.066
122.000	.066
122.066	.066
122.133	.066
122.200	.066
122.266	.066
122.333	.066
122.400	.066
122.466	.066
122.533	.066
122.600	.066
122.666	.066
122.733	.066
122.800	.066
122.866	.066
122.933	.066
123.000	.066
123.066	.066
123.133	.066
123.200	.066
123.266	.066
123.333	.066
123.400	.066
123.466	.066
123.533	.066
123.600	.066
123.666	.066
123.733	.066
123.800	.066
123.866	.066
123.933	.066
124.000	.066
124.066	.066
124.133	.066
124.200	.066
124.266	.066
124.333	.066
124.400	.066
124.466	.066
124.533	.066
124.600	.066
124.666	.066
124.733	.066
124.800	.066
124.866	.066
124.933	.066
125.000	.066
125.066	.066
125.133	.066
125.200	.066
125.266	.066
125.333	.066
125.400	.066
125.466	.066
125.533	.066
125.600	.066
125.666	.066
125.733	.066
125.800	.066
125.866	.066
125.933	.066
126.000	.066
126.066	.066
126.133	.066
126.200	.066
126.266	.066
126.333	.066
126.400	.066
126.466	.066
126.533	.066
126.600	.066
126.666	.066
126.733	.066
126.800	.066
126.866	.066
126.933	.066
127.000	.066
127.066	.066
127.133	.066
127.200	.066
127.266	.066
127.333	.066
127.400	.066
127.466	.066
127.533	.066
127.600	.066
127.666	.066
127.733	.066
127.800	.066
127.866	.066
127.933	.066
128.000	.066
128.066	.066
128.133	.066
128.200	.066
128.266	.066
128.333	.066
128.400	.066
128.466	.066
128.533	.066
128.600	.066
128.666	.066
128.733	.066
128.800	.066
128.866	.066
128.933	.066
129.000	.066
129.066	.066
129.133	.066
129.200	.066
129.266	.066
129.333	.066
129.400	.066
129.466	.066
129.533	.066
129.600	.066
129.666	.066
129.733	.066
129.800	.066
129.866	.066
129.933	.066
130.000	.066
130.066	.066
130.133	.066
130.200	.066
130.266	.066
130.333	.066
130.400	.066
130.466	.066
130.533	.066
130.600	.066
130.666	.066
130.733	.066
130.800	.066
130.866	.066
130.933	.066
131.000	.066
131.066	.066
131.133	.066
131.200	.066
131.266	.066
131.333	.066
131.400	.066
131.466	.066
131.533	.066
131.600	.066
131.666	.066
131.733	.066
131.800	.066
131.866	.066
131.933	.066
132.000	.066
132.066	.066
132.133	.066
132.200	.066
132.266	.066
132.333	.066
132.400	.066
132.466	.066
132.533	.066
132.600	.066
132.666	.066
132.733	.066
132.800	.066
132.866	.066
132.933	.066
133.000	.066
133.066	.066
133.133	.066
133.200	.066
133.266	.066
133.333	.066
133.400	.066
133.466	.066
133.533	.066
133.600	.066
133.666	.066
133.733	.066
133.800	.066
133.866	.066
133.933	.066
134.000	.066
134.066	.066
134.133	.066
134.200	.066
134.266	.066
134.333	.066
134.400	.066
134.466	.066
134.533	.066
134.600	.066
134.666	.066
134.733	.066
134.800	.066
134.866	.066
134.933	.066
135.000	.066
135.066	.066
135.133	.066
135.200	.066
135.266	.066
135.333	.066
135.400	.066
135.466	.066
135.533	.066
135.600	.066
135.666	.066
135.733	.066
135.800	.066
135.866	.066
135.933	.066
136.000	.066
136.066	.066
136.133	.066
136.200	.066
136.266	.066
136.333	.066
136.400	.066
136.466	.066
136.533	.066
136.600	.066
136.666	.066
136.733	.066
136.800	.066
136.866	.066
136.933	.066
137.000	.066
137.066	.066
137.133	.066
137.200	.066
137.266	.066
137.333	.066
137.400	.066
137.466	.066
137.533	.066
137.600	.066
137.666	.066
137.733	.066
137.800	.066
137.866	.066
137.933	.066
138.000	.066
138.066	.066
138.133	.066
138.200	.066
138.266	.066
138.333	.066
138.400	.066
138.466	.066
138.533	.066
138.600	.066
138.666	.066
138.733	.066
138.800	.066
138.866	.066
138.933	.066
139.000	.066
139.066	.066
139.133	.066
139.200	.066
139.266	.066
139.333	.066
139.400	.066
139.466	.066
139.533	.066
139.600	.066
139.666	.066
139.733	.066
139.800	.066
139.866	.066
139.933	.066
140.000	.066
140.066	.066
140.133	.066
140.200	.066
140.266	.066
140.333	.066
140.400	.066
140.466	.066
140.533	.066
140.600	.066
140.666	.066
140.733	.066
140.800	.066
140.866	.066
140.933	.066
141.000	.066
141.066	.066
141.133	.066
141.200	.066
141.266	.066
141.333	.066
141.400	.066
141.466	.066
141.533	.066
141.600	.066
141.666	.066
141.733	.066
141.800	.066
141.866	.066
141.933	.066
142.000	.066
142.066	.066
142.133	.066
142.200	.066
142.266	.066
142.333	.066
142.400	.066
142.466	.066
142.533	.066
142.600	.066
142.666	.066
142.733	.066
142.800	.066
142.866	.066
142.933	.066
143.000	.066
143.066	.066
143.133	.066
143.200	.066
143.266	.066
143.333	.066
143.400	.066
143.466	.066
143.533	.066
143.600	.066
143.666	.066
143.733	.066
143.800	.066
143.866	.066
143.933	.066
144.000	.066
144.066	.066
144.133	.066
144.200	.066
144.266	.066
144.333	.066
144.400	.066
144.466	.066
144.533	.066
144.600	.066
144.666	.066
144.733	.066
144.800	.066
144.866	.066
144.933	.066
145.000	.066
145.066	.066
145.133	.066
145.200	.066
145.266	.066
145.333	.066
145.400	.066
145.466	.066
145.533	.066
145.600	.066
145.666	.066
145.733	.066
145.800	.066
145.866	.066
145.933	.066
146.000	.066
146.066	.066
146.133	.066
146.200	.066
146.266	.066
146.333	.066
146.400	.066
146.466	.066
146.533	.066
146.600	.066
146.666	.066
146.733	.066
146.800	.066
146.866	.066
146.933	.066
147.000	.066
147.066	.066
147.133	.066
147.200	.066
147.266	.066
147.333	.066
147.400	.066
147.466	.066
147.533	.066
147.600	.066
147.666	.066
147.733	.066
147.800	.066
147.866	.066
147.933	.066
148.000	.066
148.066	.066
148.133	.066
148.200	.066
148.266	.066
148.333	.066
148.400	.066
148.466	.066
148.533	.066
148.600	.066
148.666	.066
148.733	.066
148.800	.066
148.866	.066
148.933	.066
149.000	.066
149.066	.066
149.133	.066
149.200	.066
149.266	.066
149.333	.066
149.400	.066
149.466	.066
149.533	.066
149.600	.066
149.666	.066
149.733	.066
149.800	.066
149.866	.066
149.933	.066
150.000	.066
150.066	.066
150.133	.066
150.200	.066
150.266	.066
150.333	.066
150.400	.066
150.466	.066
150.533	.066
150.600	.066
150.666	.066
150.733	.066
150.800	.066
150.866	.066
150.933	.066
151.000	.066
151.066	.066
151.133	.066
151.200	.066
151.266	.066
151.333	.066
151.400	.066
151.466	.066
151.533	.066
151.600	.066
151.666	.066
151.733	.066
151.800	.066
151.866	.066
151.933	.066
152.000	.066
152.066	.066
152.133	.066
152.200	.066
152.266	.066
152.333	.066
152.400	.066
152.466	.066
152.533	.066
152.600	.066
152.666	.066
152.733	.066
152.800	.066
152.866	.066
152.933	.066
153.000	.066
153.066	.066
153.133	.066
153.200	.066
153.266	.066
153.333	.066
153.400	.066
153.466	.066
153.533	.066
153.600	.066
153.666	.066
153.733	.066
153.800	.066
153.866	.066
153.933	.066
154.000	.066
154.066	.066
154.133	.066
154.200	.066
154.266	.066
154.333	.066
154.400	.066
154.466	.066
154.533	.066
154.600	.066
154.666	.066
154.733	.066
154.800	.066
154.866	.066
154.933	.066
155.000	.066
155.066	.066
155.133	.066
155.200	.066
155.266	.066
155.333	.066
155.400	.066
155.466	.066
155.533	.066
155.600	.066
155.666	.066
155.733	.066
155.800	.066
155.866	.066
155.933	.066
156.000	.066
156.066	.066
156.133	.066
156.200	.066
156.266	.066
156.333	.066
156.400	.066
156.466	.066
156.533	.066
156.600	.066
156.666	.066
156.733	.066
156.800	.066
156.866	.066
156.933	.066
157.000	.066
157.066	.066
157.133	.066
157.200	.066
157.266	.066
157.333	.066
157.400	.066
157.466	.066
157.533	.066
157.600	.066
157.666	.066
157.733	.066
157.800	.066
157.866	.066
157.933	.066
158.000	.066
158.066	.066
158.133	.066
158.200	.066
158.266	.066
158.333	.066
158.400	.066
158.466	.066
158.533	.066
158.600	.066
158.666	.066
158.733	.066
158.800	.066
158.866	.066
158.933	.066
159.000	.066
159.066	.066
159.133	.066
159.200	.066
159.266	.066
159.333	.066
159.400	.066
159.466	.066
159.533	.066
159.600	.066
159.666	.066
159.733	.066
159.800	.066
159.866	.066
159.933	.066
160.000	.066
160.066	.066
160.133	.066
160.200	.066
160.266	.066
160.333	.066
160.400	.066
160.466	.066
160.533	.066
160.600	.066
160.666	.066
160.733	.066
160.800	.066
160.866	.066
160.933	.066
161.000	.066
161.066	.066
161.133	.066
161.200	.066
161.266	.066
161.333	.066
161.400	.066
161.466	.066
161.533	.066
161.600	.066
161.666	.066
161.733	.066
161.800	.066
161.866	.066
161.933	.066
162.000	.066
162.066	.066
162.133	.066
162.200	.066
162.266	.066
162.333	.066
162.400	.066
162.466	.066
162.533	.066
162.600	.066
162.666	.066
162.733	.066
162.800	.066
162.866	.066
162.933	.066
163.000	.066
163.066	.066
163.133	.066
163.200	.066
163.266	.066
163.333	.066
163.400	.066
163.466	.066
163.533	.066
163.600	.066
163.666	.066
163.733	.066
163.800	.066
163.866	.066
163.933	.066
164.000	.066
164.066	.066
164.133	.066
164.200	.066
164.266	.066
164.333	.066
164.400	.066
164.466	.066
164.533	.066
164.600	.066
164.666	.066
164.733	.066
164.800	.066
164.866	.066
164.933	.066
165.000	.066
165.066	.066
165.133	.066
165.200	.066
165.266	.066
165.333	.066
165.400	.066
165.466	.066
165.533	.066
165.600	.066
165.666	.066
165.733	.066
165.800	.066
165.866	.066
165.933	.066
166.000	.066
166.066	.066
166.133	.066
166.200	.066
166.266	.066
166.333	.066
166.400	.066
166.466	.066
166.533	.066
166.600	.066
166.666	.066
166.733	.066
166.800	.066
166.866	.066
166.933	.066
167.000	.066
167.066	.066
167.133	.066
167.200	.066
167.266	.066
167.333	.066
167.400	.066
167.466	.066
167.533	.066
167.600	.066
167.666	.066
167.733	.066
167.800	.066
167.866	.066
167.933	.066
168.000	.066
168.066	.066
168.133	.066
168.200	.066
168.266	.066
168.333	.066
168.400	.066
168.466	.066
168.533	.066
168.600	.066
168.666	.066
168.733	.066
168.800	.066
168.866	.066
168.933	.066
169.000	.066
169.066	.066
169.133	.066
169.200	.066
169.266	.066
169.333	.066
169.400	.066
169.466	.066
169.533	.066
169.600	.066
169.666	.066
169.733	.066
169.800	.066
169.866	.066
169.933	.066
170.000	.066
170.066	.066
170.133	.066
170.200	.066
170.266	.066
170.333	.066
170.400	.066
170.466	.066
170.533	.066
170.600	.066
170.666	.066
170.733	.066
170.800	.066
170.866	.066
170.933	.066
171.000	.066
171.066	.066
171.133	.066
171.200	.066
171.266	.066
171.333	.066
171.400	.066
171.466	.066
171.533	.066
171.600	.066
171.666	.066
171.733	.066
171.800	.066
171.866	.066
171.933	.066
172.000	.066
172.066	.066
172.133	.066
172.200	.066
172.266	.066
172.333	.066
172.400	.066
172.466	.066
172.533	.066
172.600	.066
172.666	.066
172.733	.066
172.800	.066
172.866	.066
172.933	.066
173.000	.066
173.066	.066
173.133	.066
173.200	.066
173.266	.066
173.333	.066
173.400	.066
173.466	.066
173.533	.066
173.600	.066
173.666	.066
173.733	.066
173.800	.066
173.866	.066
173.933	.066
174.000	.066
174.066	.066
174.133	.066
174.200	.066
174.266	.066
174.333	.066
174.400	.066
174.466	.066
174.533	.066
174.600	.066
174.666	.066
174.733	.066
174.800	.066
174.866	.066
174.933	.066
175.000	.066
175.066	.066
175.133	.066
175.200	.066
175.266	.066
175.333	.066
175.400	.066
175.466	.066
175.533	.066
175.600	.066
175.666	.066
175.733	.066
175.800	.066
175.866	.066
175.933	.066
176.000	.066
176.066	.066
176.133	.066
176.200	.066
176.266	.066
176.333	.066
176.400	.066
176.466	.066
176.533	.066
176.600	.066
176.666	.066
176.733	.066
176.800	.066
176.866	.066
176.933	.066
177.000	.066
177.066	.066
177.133	.066
177.200	.066
177.266	.066
177.333	.066
177.400	.066
177.466	.066
177.533	.066
177.600	.066
177.666	.066
177.733	.066
177.800	.066
177.866	.066
177.933	.066
178.000	.066
178.066	.066
178.133	.066
178.200	.066
178.266	.066
178.333	.066
178.400	.066
178.466	.066
178.533	.066
178.600	.066
178.666	.066
178.733	.066
178.800	.066
178.866	.066
178.933	.066
179.000	.066
179.066	.066
179.133	.066
179.200	.066
179.266	.066
179.333	.066
179.400	.066
179.466	.066
179.533	.066
179.600	.066
179.666	.066
179.733	.066
179.800	.066
179.866	.066
179.933	.066
180.000	.066
180.066	.066
180.133	.066
180.200	.066
180.266	.066
180.333	.066
180.400	.066
180.466	.066
180.533	.066
180.600	.066
180.666	.066
180.733	.066
180.800	.066
180.866	.066
180.933	.066
181.000	.066
181.066	.066
181.133	.066
181.200	.066
181.266	.066
181.333	.066
181.400	.066
181.466	.066
181.533	.066
181.600	.066
181.666	.066
181.733	.066
181.800	.066
181.866	.066
181.933	.066
182.000	.066
182.066	.066
182.133	.066
182.200	.066
182.266	.066
182.333	.066
182.400	.066
182.466	.066
182.533	.066
182.600	.066
182.666	.066
182.733	.066
182.800	.066
182.866	.066
182.933	.066
183.000	.066
183.066	.066
183.133	.066
183.200	.066
183.266	.066
183.333	.066
183.400	.066
183.466	.066
183.533	.066
183.600	.066
183.666	.066
183.733	.066
183.800	.066
183.866	.066
183.933	.066
184.000	.066
184.066	.066
184.133	.066
184.200	.066
184.266	.066
184.333	.066
184.400	.066
184.466	.066
184.533	.066
184.600	.066
184.666	.066
184.733	.066
184.800	.066
184.866	.066
184.933	.066
185.000	.066
185.066	.066
185.133	.066
185.200	.066
185.266	.066
185.333	.066
185.400	.066
185.466	.066
185.533	.066
185.600	.066
185.666	.066
185.733	.066
185.800	.066
185.866	.066
185.933	.066
186.000	.066
186.066	.066
186.133	.066
186.200	.066
186.266	.066
186.333	.066
186.400	.066
186.466	.066
186.533	.066
186.600	.066
186.666	.066
186.733	.066
186.800	.066
186.866	.066
186.933	.066
187.000	.066
187.066	.066
187.133	.066
187.200	.066
187.266	.066
187.333	.066
187.400	.066
187.466	.066
187.533	.066
187.600	.066
187.666	.066
187.733	.066
187.800	.066
187.866	.066
187.933	.066
188.000	.066
188.066	.066
188.133	.066
188.200	.066
188.266	.066
188.333	.066
188.400	.066
188.466	.066
188.533	.066
188.600	.066
188.666	.066
188.733	.066
188.800	.066
188.866	.066
188.933	.066
189.000	.066
189.066	.066
189.133	.066
189.200	.066
189.266	.066
189.333	.066
189.400	.066
189.466	.066
189.533	.066
189.600	.066
189.666	.066
189.733	.066
189.800	.066
189.866	.066
189.933	.066
190.000	.066
190.066	.066
190.133	.066
190.200	.066
190.266	.066
190.333	.066
190.400	.066
190.466	.066
190.533	.066
190.600	.066
190.666	.066
190.733	.066
190.800	.066
190.866	.066
190.933	.066
191.000	.066
191.066	.066
191.133	.066
191.200	.066
191.266	.066
191.333	.066
191.400	.066
191.466	.066
191.533	.066
191.600	.066
191.666	.066
191.733	.066
191.800	.066
191.866	.066
191.933	.066
192.000	.066
192.066	.066
192.133	.066
192.200	.066
192.266	.066
192.333	.066
192.400	.066
192.466	.066
192.533	.066
192.600	.066
192.666	.066
192.733	.066
192.800	.066
192.866	.066
192.933	.066
193.000	.066
193.066	.066
193.133	.066
193.200	.066
193.266	.066
193.333	.066
193.400	.066
193.466	.066
193.533	.066
193.600	.066
193.666	.066
193.733	.066
193.800	.066
193.866	.066
193.933	.066
194.000	.066
194.066	.066
194.133	.066
194.200	.066
194.266	.066
194.333	.066
194.400	.066
194.466	.066
194.533	.066
194.600	.066
194.666	.066
194.733	.066
194.800	.066
194.866	.066
194.933	.066
195.000	.066
195.066	.066
195.133	.066
195.200	.066
195.266	.066
195.333	.066
195.400	.066
195.466	.066
195.533	.066
195.600	.066
195.666	.066
195.733	.066
195.800	.066
195.866	.066
195.933	.066
196.000	.066
196.066	.066
196.133	.066
196.200	.066
196.266	.066
196.333	.066
196.400	.066
196.466	.066
196.533	.066
196.600	.066
196.666	.066
196.733	.066
196.800	.066
196.866	.066
196.933	.066
197.000	.066
197.066	.066
197.133	.066
197.200	.066
197.266	.066
197.333	.066
197.400	.066
197.466	.066
197.533	.066
197.600	.066
197.666	.066
197.733	.066
197.800	.066
197.866	.066
197.933	.066
198.000	.066
198.066	.066
198.133	.066
198.200	.066
198.266	.066
198.333	.066
198.400	.066
198.466	.066
198.533	.066
198.600	.066
198.666	.066
198.733	.066
198.800	.066
198.866	.066
198.933	.066
199.000	.066
199.066	.066
199.133	.066
199.200	.066
199.266	.066
199.333	.066
199.400	.066
199.466	.066
199.533	.066
199.600	.066
199.666	.066
199.733	.066
199.800	.066
199.866	.066
199.933	.066
200.000	.066
200.066	.066
200.133	.066
200.200	.066
200.266	.066
200.333	.066
200.400	.066
200.466	.066
200.533	.066
200.600	.066
200.666	.066
200.733	.066
200.800	.066
200.866	.066
200.933	.066
201.000	.066
201.066	.066
201.133	.066
201.200	.066
201.266	.066
201.333	.066
201.400	.066
201.466	.066
201.533	.066
201.600	.066
201.666	.066
201.733	.066
201.800	.066
201.866	.066
201.933	.066
202.000	.066
202.066	.066
202.133	.066
202.200	.066
202.266	.066
202.333	.066
202.400	.066
202.466	.066
202.533	.066
202.600	.066
202.666	.066
202.733	.066
202.800	.066
202.866	.066
202.933	.066
203.000	.066
203.066	.066
203.133	.066
203.200	.066
203.266	.066
203.333	.066
203.400	.066
203.466	.066
203.533	.066
203.600	.066
203.666	.066
203.733	.066
203.800	.066
203.866	.066
203.933	.066
204.000	.066
204.066	.066
204.133	.066
204.200	.066
204.266	.066
204.333	.066
204.400	.066
204.466	.066
204.533	.066
204.600	.066
204.666	.066
204.733	.066
204.800	.066
204.866	.066
204.933	.066
205.000	.066
205.066	.066
205.133	.066
205.200	.066
205.266	.066
205.333	.066
205.400	.066
205.466	.066
205.533	.066
205.600	.066
205.666	.066
205.733	.066
205.800	.066
205.866	.066
205.933	.066
206.000	.066
206.066	.066
206.133	.066
206.200	.066
206.266	.066
206.333	.066
206.400	.066
206.466	.066
206.533	.066
206.600	.066
206.666	.066
206.733	.066
206.800	.066
206.866	.066
206.933	.066
207.000	.066
207.066	.066
207.133	.066
207.200	.066
207.266	.066
207.333	.066
207.400	.066
207.466	.066
207.533	.066
207.600	.066
207.666	.066
207.733	.066
207.800	.066
207.866	.066
207.933	.066
208.000	.066
208.066	.066
208.133	.066
208.200	.066
208.266	.066
208.333	.066
208.400	.066
208.466	.066
208.533	.066
208.600	.066
208.666	.066
208.733	.066
208.800	.066
208.866	.066
208.933	.066
209.000	.066
209.066	.066
209.133	.066
209.200	.066
209.266	.066
209.333	.066
209.400	.066
209.466	.066
209.533	.066
209.600	.066
209.666	.066
209.733	.066
209.800	.066
209.866	.066
209.933	.066
210.000	.066
210.066	.066
210.133	.066
210.200	.066
210.266	.066
210.333	.066
210.400	.066
210.466	.066
210.533	.066
210.600	.066
210.666	.066
210.733	.066
210.800	.066
210.866	.066
210.933	.066
211.000	.066
211.066	.066
211.133	.066
211.200	.066
211.266	.066
211.333	.066
211.400	.066
211.466	.066
211.533	.066
211.600	.066
211.666	.066
211.733	.066
211.800	.066
211.866	.066
211.933	.066
212.000	.066
212.066	.066
212.133	.066
212.200	.066
212.266	.066
212.333	.066
212.400	.066
212.466	.066
212.533	.066
212.600	.066
212.666	.066
212.733	.066
212.800	.066
212.866	.066
212.933	.066
213.000	.066
213.066	.066
213.133	.066
213.200	.066
213.266	.066
213.333	.066
213.400	.066
213.466	.066
213.533	.066
213.600	.066
213.666	.066
213.733	.066
213.800	.066
213.866	.066
213.933	.066
214.000	.066
214.066	.066
214.133	.066
214.200	.066
214.266	.066
214.333	.066
214.400	.066
214.466	.066
214.533	.066
214.600	.066
214.666	.066
214.733	.066
214.800	.066
214.866	.066
214.933	.066
215.000	.066
215.066	.066
215.133	.066
215.200	.066
215.266	.066
215.333	.066
215.400	.066
215.466	.066
215.533	.066
215.600	.066
215.666	.066
215.733	.066
215.800	.066
215.866	.066
215.933	.066
216.000	.066
216.066	.066
216.133	.066
216.200	.066
216.266	.066
216.333	.066
216.400	.066
216.466	.066
216.533	.066
216.600	.066
216.666	.066
216.733	.066
216.800	.066
216.866	.066
216.933	.066
217.000	.066
217.066	.066
217.133	.066
217.200	.066
217.266	.066
217.333	.066
217.400	.066
217.466	.066
217.533	.066
217.600	.066
217.666	.066
217.733	.066
217.800	.066
217.866	.066
217.933	.066
218.000	.066
218.066	.066
218.133	.066
218.200	.066
218.266	.066
218.333	.066
218.400	.066
218.466	.066
218.533	.066
218.600	.066
218.666	.066
218.733	.066
218.800	.066
218.866	.066
218.933	.066
219.000	.066
219.066	.066
219.133	.066
219.200	.066
219.266	.066
219.333	.066
219.400	.066
219.466	.066
219.533	.066
219.600	.066
219.666	.066
219.733	.066
219.800	.066
219.866	.066
219.933	.066
220.000	.066
220.066	.066
220.133	.066
220.200	.066
220.266	.066
220.333	.066
220.400	.066
220.466	.066
220.533	.066
220.600	.066
220.666	.066
220.733	.066
220.800	.066
220.866	.066
220.933	.066
221.000	.066
221.066	.066
221.133	.066
221.200	.066
221.266	.066
221.333	.066
221.400	.066
221.466	.066
221.533	.066
221.600	.066
221.666	.066
221.733	.066
221.800	.066
221.866	.066
221.933	.066
222.000	.066
222.066	.066
222.133	.066
222.200	.066
222.266	.066
222.333	.066
222.400	.066
222.466	.066
222.533	.066
222.600	.066
222.666	.066
222.733	.066
222.800	.066
222.866	.066
222.933	.066
223.000	.066
223.066	.066
223.133	.066
223.200	.066
223.266	.066
223.333	.066
223.400	.066
223.466	.066
223.533	.066
223.600	.066
223.666	.066
223.733	.066
223.800	.066
223.866	.066
223.933	.066
224.000	.066
224.066	.066
224.133	.066
224.200	.066
224.266	.066
224.333	.066
224.400	.066
224.466	.066
224.533	.066
224.600	.066
224.666	.066
224.733	.066
224.800	.066
224.866	.066
224.933	.066
225.000	.066
225.066	.066
225.133	.066
225.200	.066
225.266	.066
225.333	.066
225.400	.066
225.466	.066
225.533	.066
225.600	.066
225.666	.066
225.733	.066
225.800	.066
225.866	.066
225.933	.066
226.000	.066
226.066	.066
226.133	.066
226.200	.066
226.266	.066
226.333	.066
226.400	.066
226.466	.066
226.533	.066
226.600	.066
226.666	.066
226.733	.066
226.800	.066
226.866	.066
226.933	.066
227.000	.066
227.066	.066
227.133	.066
227.200	.066
227.266	.066
227.333	.066
227.400	.066
227.466	.066
227.533	.066
227.600	.066
227.666	.066
227.733	.066
227.800	.066
227.866	.066
227.933	.066
228.000	.066
228.066	.066
228.133	.066
228.200	.066
228.266	.066
228.333	.066
228.400	.066
228.466	.066
228.533	.066
228.600	.066
228.666	.066
228.733	.066
228.800	.066
228.866	.066
228.933	.066
229.000	.066
229.066	.066
229.133	.066
229.200	.066
229.266	.066
229.333	.066
229.400	.066
229.466	.066
229.533	.066
229.600	.066
229.666	.066
229.733	.066
229.800	.066
229.866	.066
229.933	.066
230.000	.066
230.066	.066
230.133	.066
230.200	.066
230.266	.066
230.333	.066
230.400	.066
230.466	.066
230.533	.066
230.600	.066
230.666	.066
230.733	.066
230.800	.066
230.866	.066
230.933	.066
231.000	.066
231.066	.066
231.133	.066
231.200	.066
231.266	.066
231.333	.066
231.400	.066
231.466	.066
231.533	.066
231.600	.066
231.666	.066
231.733	.066
231.800	.066
231.866	.066
231.933	.066
232.000	.066
232.066	.066
232.133	.066
232.200	.066
232.266	.066
232.333	.066
232.400	.066
232.466	.066
232.533	.066
232.600	.066
232.666	.066
232.733	.066
232.800	.066
232.866	.066
232.933	.066
233.000	.066
233.066	.066
233.133	.066
233.200	.066
233.266	.066
233.333	.066
233.400	.066
233.466	.066
233.533	.066
233.600	.066
233.666	.066
233.733	.066
233.800	.066
233.866	.066
233.933	.066
234.000	.066
234.066	.066
234.133	.066
234.200	.066
234.266	.066
234.333	.066
234.400	.066
234.466	.066
234.533	.066
234.600	.066
234.666	.066
234.733	.066
234.800	.066
234.866	.066
234.933	.066
235.000	.066
235.066	.066
235.133	.066
235.200	.066
235.266	.066
235.333	.066
235.400	.066
235.466	.066
235.533	.066
235.600	.066
235.666	.066
235.733	.066
235.800	.066
235.866	.066
235.933	.066
236.000	.066
236.066	.066
236.133	.066
236.200	.066
236.266	.066
236.333	.066
236.400	.066
236.466	.066
236.533	.066
236.600	.066
236.666	.066
236.733	.066
236.800	.066
236.866	.066
236.933	.066
237.000	.066
237.066	.066
237.133	.066
237.200	.066
237.266	.066
237.333	.066
237.400	.066
237.466	.066
237.533	.066
237.600	.066
237.666	.066
237.733	.066
237.800	.066
237.866	.066
237.933	.066
238.000	.066
238.066	.066
238.133	.066
238.200	.066
238.266	.066
238.333	.066
238.400	.066
238.466	.066
238.533	.066
238.600	.066
238.666	.066
238.733	.066
238.800	.066
238.866	.066
238.933	.066
239.000	.066
239.066	.066
239.133	.066
239.200	.066
239.266	.066
239.333	.066
239.400	.066
239.466	.066
239.533	.066
239.600	.066
239.666	.066
239.733	.066
239.800	.066
239.866	.066
239.933	.066
240.000	.066
240.066	.066
240.133	.066
240.200	.066
240.266	.066
240.333	.066
240.400	.066
240.466	.066
240.533	.066
240.600	.066
240.666	.066
240.733	.066
240.800	.066
240.866	.066
240.933	.066
241.000	.066
241.066	.066
241.133	.066
241.200	.066
241.266	.066
241.333	.066
241.400	.066
241.466	.066
241.533	.066
241.600	.066
241.666	.066
241.733	.066
241.800	.066
241.866	.066
241.933	.066
242.000	.066
242.066	.066
242.133	.066
242.200	.066
242.266	.066
242.333	.066
242.400	.066
242.466	.066
242.533	.066
242.600	.066
242.666	.066
242.733	.066
242.800	.066
242.866	.066
242.933	.066
243.000	.066
243.066	.066
243.133	.066
243.200	.066
243.266	.066
243.333	.066
243.400	.066
243.466	.066
243.533	.066
243.600	.066
243.666	.066
243.733	.066
243.800	.066
243.866	.066
243.933	.066
244.000	.066
244.066	.066
244.133	.066
244.200	.066
244.266	.066
244.333	.066
244.400	.066
244.466	.066
244.533	.066
244.600	.066
244.666	.066
244.733	.066
244.800	.066
244.866	.066
244.933	.066
245.000	.066
245.066	.066
245.133	.066
245.200	.066
245.266	.066
245.333	.066
245.400	.066
245.466	.066
245.533	.066
245.600	.066
245.666	.066
245.733	.066
245.800	.066
245.866	.066
245.933	.066
246.000	.066
246.066	.066
246.133	.066
246.200	.066
246.266	.066
246.333	.066
246.400	.066
246.466	.066
246.533	.066
246.600	.066
246.666	.066
246.733	.066
246.800	.066
246.866	.066
246.933	.066
247.000	.066
247.066	.066
247.133	.066
247.200	.066
247.266	.066
247.333	.066
247.400	.066
247.466	.066
247.533	.066
247.600	.066
247.666	.066
247.733	.066
247.800	.066
247.866	.066
247.933	.066
248.000	.066
248.066	.066
248.133	.066
248.200	.066
248.266	.066
248.333	.066
248.400	.066
248.466	.066
248.533	.066
248.600	.066
248.666	.066
248.733	.066
248.800	.066
248.866	.066
248.933	.066
249.000	.066
249.066	.066
249.133	.066
249.200	.066
249.266	.066
249.333	.066
249.400	.066
249.466	.066
249.533	.066
249.600	.066
249.666	.066
249.733	.066
249.800	.066
249.866	.066
249.933	.066
250.000	.066
250.066	.066
250.133	.066
250.200	.066
250.266	.066
250.333	.066
250.400	.066
250.466	.066
250.533	.066
250.600	.066
250.666	.066
250.733	.066
250.800	.066
250.866	.066
250.933	.066
251.000	.066
251.066	.066
251.133	.066
251.200	.066
251.266	.066
251.333	.066
251.400	.066
251.466	.066
251.533	.066
251.600	.066
251.666	.066
251.733	.066
251.800	.066
251.866	.066
251.933	.066
252.000	.066
252.066	.066
252.133	.066
252.200	.066
252.266	.066
252.333	.066
252.400	.066
252.466	.066
252.533	.066
252.600	.066
252.666	.066
252.733	.066
252.800	.066
252.866	.066
252.933	.066
253.000	.066
253.066	.066
253.133	.066
253.200	.066
253.266	.066
253.333	.066
253.400	.066
253.466	.066
253.533	.066
253.600	.066
253.666	.066
253.733	.066
253.800	.066
253.866	.066
253.933	.066
254.000	.066
254.066	.066
254.133	.066
254.200	.066
254.266	.066
254.333	.066
254.400	.066
254.466	.066
254.533	.066
254.600	.066
254.666	.066
254.733	.066
254.800	.066
254.866	.066
254.933	.066
255.000	.066
255.066	.066
255.133	.066
255.200	.066
255.266	.066
255.333	.066
255.400	.066
255.466	.066
255.533	.066
255.600	.066
255.666	.066
255.733	.066
255.800	.066
255.866	.066
255.933	.066
256.000	.066
256.066	.066
256.133	.066
256.200	.066
256.266	.066
256.333	.066
256.400	.066
256.466	.066
256.533	.066
256.600	.066
256.666	.066
256.733	.066
256.800	.066
256.866	.066
256.933	.066
257.000	.066
257.066	.066
257.133	.066
257.200	.066
257.266	.066
257.333	.066
257.400	.066
257.466	.066
257.533	.066
257.600	.066
257.666	.066
257.733	.066
257.800	.066
257.866	.066
257.933	.066
258.000	.066
258.066	.066
258.133	.066
258.200	.066
258.266	.066
258.333	.066
258.400	.066
258.466	.066
258.533	.066
258.600	.066
258.666	.066
258.733	.066
258.800	.066
258.866	.066
258.933	.066
259.000	.066
259.066	.066
259.133	.066
259.200	.066
259.266	.066
259.333	.066
259.400	.066
259.466	.066
259.533	.066
259.600	.066
259.666	.066
259.733	.066
259.800	.066
259.866	.066
259.933	.066
260.000	.066
260.066	.066
260.133	.066
260.200	.066
260.266	.066
260.333	.066
260.400	.066
260.466	.066
260.533	.066
260.600	.066
260.666	.066
260.733	.066
260.800	.066
260.866	.066
260.933	.066
261.000	.066
261.066	.066
261.133	.066
261.200	.066
261.266	.066
261.333	.066
261.400	.066
261.466	.066
261.533	.066
261.600	.066
261.666	.066
261.733	.066
261.800	.066
261.866	.066
261.933	.066
262.000	.066
262.066	.066
262.133	.066
262.200	.066
262.266	.066
262.333	.066
262.400	.066
262.466	.066
262.533	.066
262.600	.066
262.666	.066
262.733	.066
262.800	.066
262.866	.066
262.933	.066
263.000	.066
263.066	.066
263.133	.066
263.200	.066
263.266	.066
263.333	.066
263.400	.066
263.466	.066
263.533	.066
263.600	.066
263.666	.066
263.733	.066
263.800	.066
263.866	.066
263.933	.066
264.000	.066
264.066	.066
264.133	.066
264.200	.066
264.266	.066
264.333	.066
264.400	.066
264.466	.066
264.533	.066
264.600	.066
264.666	.066
264.733	.066
264.800	.066
264.866	.066
264.933	.066
265.000	.066
265.066	.066
265.133	.066
265.200	.066
265.266	.066
265.333	.066
265.400	.066
265.466	.066
265.533	.066
265.600	.066
265.666	.066
265.733	.066
265.800	.066
265.866	.066
265.933	.066
266.000	.066
266.066	.066
266.133	.066
266.200	.066
266.266	.066
266.333	.066
266.400	.066
266.466	.066
266.533	.066
266.600	.066
266.666	.066
266.733	.066
266.800	.066
266.866	.066
266.933	.066
267.000	.066
267.066	.066
267.133	.066
267.200	.066
267.266	.066
267.333	.066
267.400	.066
267.466	.066
267.533	.066
267.600	.066
267.666	.066
267.733	.066
267.800	.066
267.866	.066
267.933	.066
268.000	.066
268.066	.066
268.133	.066
268.200	.066
268.266	.066
268.333	.066
268.400	.066
268.466	.066
268.533	.066
268.600	.066
268.666	.066
268.733	.066
268.800	.066
268.866	.066
268.933	.066
269.000	.066
269.066	.066
269.133	.066
269.200	.066
269.266	.066
269.333	.066
269.400	.066
269.466	.066
269.533	.066
269.600	.066
269.666	.066
269.733	.066
269.800	.066
269.866	.066
269.933	.066
270.000	.066
270.066	.066
270.133	.066
270.200	.066
270.266	.066
270.333	.066
270.400	.066
270.466	.066
270.533	.066
270.600	.066
270.666	.066
270.733	.066
270.800	.066
270.866	.066
270.933	.066
271.000	.066
271.066	.066
271.133	.066
271.200	.066
271.266	.066
271.333	.066
271.400	.066
271.466	.066
271.533	.066
271.600	.066
271.666	.066
271.733	.066
271.800	.066
271.866	.066
271.933	.066
272.000	.066
272.066	.066
272.133	.066
272.200	.066
272.266	.066
272.333	.066
272.400	.066
272.466	.066
272.533	.066
272.600	.066
272.666	.066
272.733	.066
272.800	.066
272.866	.066
272.933	.066
273.000	.066
273.066	.066
273.133	.066
273.200	.066
273.266	.066
273.333	.066
273.400	.066
273.466	.066
273.533	.066
273.600	.066
273.666	.066
273.733	.066
273.800	.066
273.866	.066
273.933	.066
274.000	.066
274.066	.066
274.133	.066
274.200	.066
274.266	.066
274.333	.066
274.400	.066
274.466	.066
274.533	.066
274.600	.066
274.666	.066
274.733	.066
274.800	.066
274.866	.066
274.933	.066
275.000	.066
275.066	.066
275.133	.066
275.200	.066
275.266	.066
275.333	.066
275.400	.066
275.466	.066
275.533	.066
275.600	.066
275.666	.066
275.733	.066
275.800	.066
275.866	.066
275.933	.066
276.000	.066
276.066	.066
276.133	.066
276.200	.066
276.266	.066
276.333	.066
276.400	.066
276.466	.066
276.533	.066
276.600	.066
276.666	.066
276.733	.066
276.800	.066
276.866	.066
276.933	.066
277.000	.066
277.066	.066
277.133	.066
277.200	.066
277.266	.066
277.333	.066
277.400	.066
277.466	.066
277.533	.066
277.600	.066
277.666	.066
277.733	.066
277.800	.066
277.866	.066
277.933	.066
278.000	.066
278.066	.066
278.133	.066
278.200	.066
278.266	.066
278.333	.066
278.400	.066
278.466	.066
278.533	.066
278.600	.066
278.666	.066
278.733	.066
278.800	.066
278.866	.066
278.933	.066
279.000	.066
279.066	.066
279.133	.066
279.200	.066
279.266	.066
279.333	.066
279.400	.066
279.466	.066
279.533	.066
279.600	.066
279.666	.066
279.733	.066
279.800	.066
279.866	.066
279.933	.066
280.000	.066
280.066	.066
280.133	.066
280.200	.066
280.266	.066
280.333	.066
280.400	.066
280.466	.066
280.533	.066
280.600	.066
280.666	.066
280.733	.066
280.800	.066
280.866	.066
280.933	.066
281.000	.066
281.066	.066
281.133	.066
281.200	.066
281.266	.066
281.333	.066
281.400	.066
281.466	.066
281.533	.066
281.600	.066
281.666	.066
281.733	.066
281.800	.066
281.866	.066
281.933	.066
282.000	.066
282.066	.066
282.133	.066
282.200	.066
282.266	.066
282.333	.066
282.400	.066
282.466	.066
282.533	.066
282.600	.066
282.666	.066
282.733	.066
282.800	.066
282.866	.066
282.933	.066
283.000	.066
283.066	.066
283.133	.066
283.200	.066
283.266	.066
283.333	.066
283.400	.066
283.466	.066
283.533	.066
283.600	.066
283.666	.066
283.733	.066
283.800	.066
283.866	.066
283.933	.066
284.000	.066
284.066	.066
284.133	.066
284.200	.066
284.266	.066
284.333	.066
284.400	.066
284.466	.066
284.533	.066
284.600	.066
284.666	.066
284.733	.066
284.800	.066
284.866	.066
284.933	.066
285.000	.066
285.066	.066
285.133	.066
285.200	.066
285.266	.066
285.333	.066
285.400	.066
285.466	.066
285.533	.066
285.600	.066
285.666	.066
285.733	.066
285.800	.066
285.866	.066
285.933	.066
286.000	.066
286.066	.066
286.133	.066
286.200	.066
286.266	.066
286.333	.066
286.400	.066
286.466	.066
286.533	.066
286.600	.066
286.666	.066
286.733	.066
286.800	.066
286.866	.066
286.933	.066
287.000	.066
287.066	.066
287.133	.066
287.200	.066
287.266	.066
287.333	.066
287.400	.066
287.466	.066
287.533	.066
287.600	.066
287.666	.066
287.733	.066
287.800	.066
287.866	.066
287.933	.066
288.000	.066
288.066	.066
288.133	.066
288.200	.066
288.266	.066
288.333	.066
288.400	.066
288.466	.066
288.533	.066
288.600	.066
288.666	.066
288.733	.066
288.800	.066
288.866	.066
288.933	.066
289.000	.066
289.066	.066
289.133	.066
289.200	.066
289.266	.066
289.333	.066
289.400	.066
289.466	.066
289.533	.066
289.600	.066
289.666	.066
289.733	.066
289.800	.066
289.866	.066
289.933	.066
290.000	.066
290.066	.066
290.133	.066
290.200	.066
290.266	.066
290.333	.066
290.400	.066
290.466	.066
290.533	.066
290.600	.066
290.666	.066
290.733	.066
290.800	.066
290.866	.066
290.933	.066
291.000	.066
291.066	.066
291.133	.066
291.200	.066
291.266	.066
291.333	.066
291.400	.066
291.466	.066
291.533	.066
291.600	.066
291.666	.066
291.733	.066
291.800	.066
291.866	.066
291.933	.066
292.000	.066
292.066	.066
292.133	.066
292.200	.066
292.266	.066
292.333	.066
292.400	.066
292.466	.066
292.533	.066
292.600	.066
292.666	.066
292.733	.066
292.800	.066
292.866	.066
292.933	.066
293.000	.066
293.066	.066
293.133	.066
293.200	.066
293.266	.066
293.333	.066
293.400	.066
293.466	.066
293.533	.066
293.600	.066
293.666	.066
293.733	.066
293.800	.066
293.866	.066
293.933	.066
294.000	.066
294.066	.066
294.133	.066
294.200	.066
294.266	.066
294.333	.066
294.400	.066
294.466	.066
294.533	.066
294.600	.066
294.666	.066
294.733	.066
294.800	.066
294.866	.066
294.933	.066
295.000	.066
295.066	.066
295.133	.066
295.200	.066
295.266	.066
295.333	.066
295.400	.066
295.466	.066
295.533	.066
295.600	.066
295.666	.066
295.733	.066
295.800	.066
295.866	.066
295.933	.066
296.000	.066
296.066	.066
296.133	.066
296.200	.066
296.266	.066
296.333	.066
296.400	.066
296.466	.066
296.533	.066
296.600	.066
296.666	.066
296.733	.066
296.800	.066
296.866	.066
296.933	.066
297.000	.066
297.066	.066
297.133	.066
297.200	.066
297.266	.066
297.333	.066
297.400	.066
297.466	.066
297.533	.066
297.600	.066
297.666	.066
297.733	.066
297.800	.066
297.866	.066
297.933	.066
298.000	.066
298.066	.066
298.133	.066
298.200	.066
298.266	.066
298.333	.066
298.400	.066
298.466	.066
298.533	.066
298.600	.066
298.666	.066
298.733	.066
298.800	.066
298.866	.066
298.933	.066
299.000	.066
299.066	.066
299.133	.066
299.200	.066
299.266	.066
299.333	.066
299.400	.066
299.466	.066
299.533	.066
299.600	.066
299.666	.066
299.733	.066
299.800	.066
299.866	.066
299.933	.066
300.000	.066
